3333.542472811  -5.521340E-17
3335.03766307458  -7.641973E-18
3336.53285333815  -5.175310E-17
3338.02804360173  -3.658734E-18
3339.5232338653  -7.238489E-18
3341.01842412888  -3.244225E-18
3342.51361439245  4.360187E-17
3344.00880465603  1.752636E-17
3345.5039949196  -2.594737E-18
3346.99918518318  1.130642E-17
3348.49437544675  -2.355566E-17
3349.98956571033  -2.094890E-17
3351.4847559739  -7.989936E-18
3352.97994623748  3.100307E-18
3354.47513650105  8.584201E-18
3355.97032676462  1.250247E-17
3357.4655170282  1.868926E-17
3358.96070729177  -1.459205E-17
3360.45589755535  1.603837E-17
3361.95108781892  -2.979055E-18
3363.4462780825  2.446854E-17
3364.94146834607  -1.618645E-17
3366.43665860965  3.980782E-17
3367.93184887322  -3.562415E-17
3369.4270391368  -1.791397E-17
3370.92222940037  -1.334581E-17
3372.41741966395  -1.524409E-17
3373.91260992752  1.130560E-17
3375.4078001911  -7.060524E-18
3376.90299045467  -6.368999E-18
3378.39818071825  1.382899E-17
3379.89337098182  2.097170E-17
3381.3885612454  -1.278680E-17
3382.88375150897  1.882150E-18
3384.37894177255  3.715016E-18
3385.87413203612  -9.182807E-18
3387.3693222997  1.856339E-17
3388.86451256327  -1.391605E-17
3390.35970282685  1.808770E-17
3391.85489309042  7.422043E-18
3393.350083354  2.627440E-17
3394.84527361757  -9.538572E-18
3396.34046388114  -1.560745E-17
3397.83565414472  9.077430E-18
3399.33084440829  2.061272E-17
3400.82603467187  2.024725E-17
3402.32122493544  -2.829078E-18
3403.81641519902  -1.600048E-17
3405.31160546259  -4.388441E-18
3406.80679572617  1.701576E-17
3408.30198598974  6.252717E-18
3409.79717625332  1.104646E-17
3411.29236651689  9.283045E-18
3412.78755678047  1.482516E-17
3414.28274704404  -1.384384E-17
3415.77793730762  -1.052912E-17
3417.27312757119  -5.748481E-18
3418.76831783477  4.678188E-18
3420.26350809834  7.813835E-18
3421.75869836192  1.290340E-17
3423.25388862549  -1.323660E-17
3424.74907888907  2.569710E-18
3426.24426915264  4.834801E-18
3427.73945941622  -1.330124E-17
3429.23464967979  3.512779E-18
3430.72983994336  -1.636313E-17
3432.22503020694  -2.377002E-17
3433.72022047051  -5.178747E-18
3435.21541073409  8.706788E-18
3436.71060099766  6.420669E-18
3438.20579126124  6.770619E-18
3439.70098152481  -1.052441E-17
3441.19617178839  -4.549724E-18
3442.69136205196  -3.360090E-18
3444.18655231554  1.220360E-17
3445.68174257911  1.652300E-17
3447.17693284269  3.006411E-19
3448.67212310626  1.028962E-17
3450.16731336984  2.067440E-17
3451.66250363341  1.126472E-17
3453.15769389699  -1.418165E-17
3454.65288416056  -6.549549E-18
3456.14807442414  6.279563E-18
3457.64326468771  -6.259073E-18
3459.13845495129  -1.206400E-17
3460.63364521486  -7.678100E-20
3462.12883547844  1.327576E-17
3463.62402574201  -1.175055E-17
3465.11921600559  -2.417043E-17
3466.61440626916  -2.197456E-18
3468.10959653273  -1.098894E-17
3469.60478679631  -1.133645E-17
3471.09997705989  -1.963918E-17
3472.59516732346  1.744557E-17
3474.09035758704  8.418935E-18
3475.58554785061  6.339671E-18
3477.08073811418  1.689748E-17
3478.57592837776  1.607040E-17
3480.07111864133  1.448488E-17
3481.56630890491  -1.526651E-17
3483.06149916848  2.668569E-18
3484.55668943206  1.680590E-17
3486.05187969563  -1.662765E-20
3487.54706995921  -4.629639E-18
3489.04226022278  3.581801E-18
3490.53745048636  2.943334E-17
3492.03264074993  2.655774E-17
3493.52783101351  -7.337694E-18
3495.02302127708  9.417881E-18
3496.51821154066  -4.611477E-18
3498.01340180423  -3.002948E-18
3499.50859206781  -9.721366E-18
3501.00378233138  -1.501504E-17
3502.49897259496  -8.067264E-18
3503.99416285853  -1.539906E-18
3505.48935312211  1.888022E-17
3506.98454338568  3.275999E-18
3508.47973364925  3.170389E-17
3509.97492391283  6.535773E-18
3511.4701141764  -1.728631E-18
3512.96530443998  1.154792E-17
3514.46049470355  4.314736E-18
3515.95568496713  7.135053E-20
3517.4508752307  3.036548E-18
3518.94606549428  1.352622E-17
3520.44125575785  1.152501E-17
3521.93644602143  2.269941E-18
3523.431636285  -4.674884E-19
3524.92682654858  -3.348676E-18
3526.42201681215  2.065815E-18
3527.91720707573  1.017715E-17
3529.4123973393  8.652574E-18
3530.90758760288  -1.094537E-17
3532.40277786645  -1.928679E-17
3533.89796813003  -5.015289E-18
3535.3931583936  -1.223577E-18
3536.88834865718  1.668473E-17
3538.38353892075  -2.430518E-17
3539.87872918433  7.129849E-18
3541.3739194479  -4.704605E-18
3542.86910971147  -7.898811E-18
3544.36429997505  2.983177E-18
3545.85949023863  5.941701E-18
3547.3546805022  4.639116E-18
3548.84987076577  1.029148E-17
3550.34506102935  1.302845E-18
3551.84025129292  -4.412376E-18
3553.3354415565  -1.302114E-17
3554.83063182007  1.186498E-17
3556.32582208365  4.238867E-18
3557.82101234722  -2.130272E-18
3559.3162026108  4.562740E-19
3560.81139287437  -1.818390E-17
3562.30658313795  -2.285303E-18
3563.80177340152  -9.228191E-18
3565.2969636651  4.989127E-18
3566.79215392867  1.240284E-17
3568.28734419225  -8.435219E-19
3569.78253445582  -6.158341E-18
3571.2777247194  -1.663829E-17
3572.77291498297  -9.357668E-18
3574.26810524655  -1.326301E-19
3575.76329551012  -5.154223E-18
3577.2584857737  4.866533E-18
3578.75367603727  2.041787E-17
3580.24886630085  1.482130E-17
3581.74405656442  -3.946589E-18
3583.239246828  4.627145E-18
3584.73443709157  9.353972E-18
3586.22962735515  1.124001E-17
3587.72481761872  -4.973977E-18
3589.22000788229  -5.073406E-18
3590.71519814587  -4.034791E-18
3592.21038840944  -2.794627E-18
3593.70557867302  -1.598107E-19
3595.20076893659  -8.528187E-18
3596.69595920017  3.872060E-19
3598.19114946374  -1.221886E-18
3599.68633972732  -1.936396E-18
3601.18152999089  -5.663849E-18
3602.67672025447  3.775517E-18
3604.17191051804  4.215421E-18
3605.66710078162  -9.656267E-18
3607.16229104519  -5.542785E-18
3608.65748130877  1.421868E-17
3610.15267157234  5.321461E-18
3611.64786183592  -3.460696E-18
3613.14305209949  5.042591E-18
3614.63824236307  2.441073E-18
3616.13343262664  8.188178E-18
3617.62862289022  1.058113E-17
3619.12381315379  3.915822E-18
3620.61900341736  -6.887326E-18
3622.11419368094  -4.830603E-18
3623.60938394451  1.635949E-19
3625.10457420809  -1.791898E-18
3626.59976447166  4.377265E-19
3628.09495473524  -1.513260E-18
3629.59014499881  -6.881588E-18
3631.08533526239  -7.939018E-18
3632.58052552596  -8.856503E-18
3634.07571578954  -4.092063E-19
3635.57090605311  1.061471E-18
3637.06609631669  1.365392E-18
3638.56128658026  -2.951323E-18
3640.05647684384  4.411466E-19
3641.55166710741  -2.124186E-18
3643.04685737099  -4.877552E-18
3644.54204763456  -7.921759E-18
3646.03723789814  -6.033497E-18
3647.53242816171  -6.581532E-19
3649.02761842529  5.862807E-18
3650.52280868886  5.342099E-18
3652.01799895244  1.180222E-18
3653.51318921601  3.141329E-18
3655.00837947959  -5.116704E-18
3656.50356974316  -4.925824E-18
3657.99876000673  4.468554E-19
3659.49395027031  -4.877894E-18
3660.98914053388  7.249304E-18
3662.48433079746  -2.425246E-19
3663.97952106103  2.742065E-18
3665.47471132461  -1.618600E-18
3666.96990158818  3.532459E-18
3668.46509185176  -8.522470E-19
3669.96028211533  2.297654E-18
3671.45547237891  6.316467E-18
3672.95066264248  2.899871E-18
3674.44585290606  2.557632E-19
3675.94104316963  -3.836732E-18
3677.43623343321  -3.950703E-18
3678.93142369678  -8.185181E-19
3680.42661396036  -3.776904E-18
3681.92180422393  9.478577E-20
3683.41699448751  -8.428157E-18
3684.91218475108  -5.514565E-18
3686.40737501466  9.077099E-19
3687.90256527823  -5.776188E-19
3689.39775554181  -9.758797E-18
3690.89294580538  4.833543E-18
3692.38813606895  3.286628E-18
3693.88332633253  5.856114E-18
3695.37851659611  4.893588E-19
3696.87370685968  -1.439870E-18
3698.36889712325  1.229183E-18
3699.86408738683  -3.742143E-18
3701.3592776504  -5.137275E-18
3702.85446791398  3.659342E-18
3704.34965817755  -3.722098E-18
3705.84484844113  -1.439998E-18
3707.3400387047  1.197661E-17
3708.83522896828  1.910172E-18
3710.33041923185  -1.903557E-18
3711.82560949543  -1.801150E-18
3713.320799759  -6.472355E-18
3714.81599002258  3.453833E-18
3716.31118028615  -9.709468E-19
3717.80637054973  1.403376E-18
3719.3015608133  8.434304E-18
3720.79675107688  3.025995E-18
3722.29194134045  -5.880048E-19
3723.78713160403  1.326244E-18
3725.2823218676  -2.309268E-18
3726.77751213118  -1.090418E-18
3728.27270239475  -1.835272E-18
3729.76789265833  -2.983109E-19
3731.2630829219  -6.214609E-19
3732.75827318547  -6.588954E-19
3734.25346344905  4.169046E-18
3735.74865371262  -5.837655E-18
3737.2438439762  2.357314E-18
3738.73903423977  1.851735E-19
3740.23422450335  3.131374E-19
3741.72941476692  7.994327E-19
3743.2246050305  -1.650847E-18
3744.71979529407  -2.189612E-18
3746.21498555765  -1.504401E-18
3747.71017582122  -1.385435E-18
3749.2053660848  -1.914908E-18
3750.70055634837  -3.736944E-18
3752.19574661195  -2.107969E-18
3753.69093687552  3.455307E-18
3755.1861271391  6.917249E-18
3756.68131740267  3.920664E-18
3758.17650766625  1.934013E-18
3759.67169792982  -6.041732E-18
3761.1668881934  -3.696029E-18
3762.66207845697  1.028941E-20
3764.15726872055  -2.227718E-18
3765.65245898412  -4.431965E-18
3767.1476492477  3.037193E-18
3768.64283951127  8.894527E-19
3770.13802977484  -5.374312E-18
3771.63322003842  5.955143E-19
3773.12841030199  1.261434E-19
3774.62360056557  1.577324E-18
3776.11879082915  -2.379257E-18
3777.61398109272  8.590901E-19
3779.10917135629  -9.620010E-19
3780.60436161987  -2.970341E-18
3782.09955188344  -3.312237E-18
3783.59474214702  -5.917634E-18
3785.08993241059  -5.242277E-18
3786.58512267417  1.345872E-18
3788.08031293774  -2.494024E-18
3789.57550320132  -1.840690E-18
3791.07069346489  -2.393393E-18
3792.56588372847  5.704269E-18
3794.06107399204  -1.650800E-18
3795.55626425562  -3.443689E-18
3797.05145451919  -1.830395E-18
3798.54664478277  -1.567064E-18
3800.04183504634  -1.475327E-18
3801.53702530992  2.444328E-18
3803.03221557349  2.414977E-18
3804.52740583706  -2.203149E-18
3806.02259610064  4.430973E-19
3807.51778636422  -2.464558E-18
3809.01297662779  -1.793302E-18
3810.50816689136  -1.941445E-19
3812.00335715494  -3.143767E-18
3813.49854741851  1.517149E-18
3814.99373768209  4.473983E-19
3816.48892794566  6.791135E-19
3817.98411820924  3.471228E-18
3819.47930847281  4.532768E-18
3820.97449873639  5.311568E-18
3822.46968899996  5.674969E-21
3823.96487926354  5.171378E-19
3825.46006952711  1.136119E-18
3826.95525979069  -1.379520E-18
3828.45045005426  1.041355E-18
3829.94564031784  -3.749321E-18
3831.44083058141  1.517745E-18
3832.93602084499  4.825976E-18
3834.43121110856  1.446463E-18
3835.92640137214  -1.063779E-18
3837.42159163571  1.027264E-19
3838.91678189929  3.821417E-18
3840.41197216286  -9.113423E-19
3841.90716242644  2.769502E-18
3843.40235269001  -1.307335E-18
3844.89754295358  -8.164772E-19
3846.39273321716  1.064409E-19
3847.88792348073  3.475377E-18
3849.38311374431  6.541689E-19
3850.87830400788  2.284583E-18
3852.37349427146  1.999582E-18
3853.86868453503  1.596469E-18
3855.36387479861  3.601971E-19
3856.85906506218  1.507500E-18
3858.35425532576  3.488528E-18
3859.84944558933  -3.573517E-18
3861.34463585291  7.814491E-19
3862.83982611648  5.626841E-19
3864.33501638006  2.209826E-20
3865.83020664363  2.239136E-18
3867.32539690721  -5.680410E-19
3868.82058717078  1.033278E-18
3870.31577743436  2.379325E-19
3871.81096769793  -2.675301E-18
3873.30615796151  2.200977E-19
3874.80134822508  2.164416E-19
3876.29653848866  -1.533571E-18
3877.79172875223  3.647324E-19
3879.28691901581  7.513928E-19
3880.78210927938  -2.215599E-18
3882.27729954295  4.104371E-18
3883.77248980653  2.108284E-18
3885.2676800701  3.219915E-19
3886.76287033368  -6.257815E-19
3888.25806059725  2.657523E-20
3889.75325086083  -1.130017E-18
3891.2484411244  1.085502E-18
3892.74363138798  -7.487274E-19
3894.23882165155  -2.354399E-18
3895.73401191513  1.594426E-18
3897.2292021787  -1.749104E-18
3898.72439244228  8.408289E-19
3900.21958270585  -1.260209E-18
3901.71477296943  -2.211319E-18
3903.209963233  -3.737410E-19
3904.70515349658  2.387259E-18
3906.20034376015  -4.186923E-19
3907.69553402373  -1.585013E-18
3909.1907242873  -2.895567E-18
3910.68591455088  -2.654295E-18
3912.18110481445  -2.030741E-18
3913.67629507803  -5.459601E-19
3915.1714853416  5.294719E-19
3916.66667560518  -2.835634E-19
3918.16186586875  4.055781E-20
3919.65705613233  2.183672E-18
3921.1522463959  5.776935E-19
3922.64743665948  -1.386468E-18
3924.14262692305  -9.547979E-19
3925.63781718662  -1.597402E-18
3927.1330074502  -3.853160E-19
3928.62819771377  -1.537845E-18
3930.12338797735  -3.107941E-18
3931.61857824092  -2.851863E-18
3933.1137685045  -9.160018E-19
3934.60895876807  6.644412E-19
3936.10414903165  1.493896E-18
3937.59933929522  3.375381E-18
3939.0945295588  9.358634E-19
3940.58971982237  -2.231128E-19
3942.08491008595  -8.476227E-19
3943.58010034952  6.133152E-20
3945.0752906131  -2.783111E-18
3946.57048087667  -7.935713E-19
3948.06567114025  4.483225E-19
3949.56086140382  -1.676181E-18
3951.0560516674  5.732971E-19
3952.55124193097  8.063532E-19
3954.04643219455  6.376432E-19
3955.54162245812  2.706461E-19
3957.0368127217  2.843257E-19
3958.53200298527  -2.733001E-18
3960.02719324884  -2.538889E-18
3961.52238351242  6.239595E-19
3963.01757377599  -7.736442E-20
3964.51276403957  -1.244000E-18
3966.00795430314  4.480040E-19
3967.50314456672  7.278638E-20
3968.99833483029  -3.058405E-18
3970.49352509387  -1.224881E-18
3971.98871535744  -9.165979E-20
3973.48390562102  5.175910E-19
3974.97909588459  -2.421003E-19
3976.47428614817  3.190682E-19
3977.96947641174  -1.355002E-18
3979.46466667532  5.556771E-19
3980.95985693889  -2.142216E-18
3982.45504720247  -9.649382E-20
3983.95023746604  7.724354E-19
3985.44542772962  -2.377442E-18
3986.94061799319  -1.751371E-19
3988.43580825677  -2.080316E-18
3989.93099852034  -4.006922E-18
3991.42618878392  -2.581749E-18
3992.92137904749  -1.352905E-18
3994.41656931107  5.043683E-19
3995.91175957464  -1.009668E-18
3997.40694983821  -1.172486E-18
3998.90214010179  7.379117E-19
4000.39733036537  2.247215E-19
4001.89252062894  9.396711E-19
4003.38771089251  -4.715911E-19
4004.88290115609  1.597867E-19
4006.37809141966  8.068449E-19
4007.87328168324  7.200352E-19
4009.36847194681  1.602019E-18
4010.86366221039  -1.040798E-18
4012.35885247396  -1.463767E-18
4013.85404273754  -3.493993E-19
4015.34923300111  6.964542E-19
4016.84442326469  -3.210603E-19
4018.33961352826  9.792594E-20
4019.83480379184  1.241814E-19
4021.32999405541  8.390653E-20
4022.82518431899  3.323038E-20
4024.32037458256  -4.595160E-19
4025.81556484614  -6.368403E-19
4027.31075510971  8.564525E-21
4028.80594537329  -1.340231E-18
4030.30113563686  -2.281899E-19
4031.79632590043  -7.413537E-19
4033.29151616401  -2.224905E-18
4034.78670642759  -3.401640E-19
4036.28189669116  1.258199E-18
4037.77708695474  -1.281518E-19
4039.27227721831  -6.003944E-20
4040.76746748188  -9.291303E-19
4042.26265774546  -8.653687E-19
4043.75784800903  -2.034283E-18
4045.25303827261  2.149511E-19
4046.74822853618  1.801218E-18
4048.24341879976  -3.020952E-20
4049.73860906333  -1.991593E-18
4051.23379932691  8.307073E-19
4052.72898959048  9.310273E-19
4054.22417985406  -1.299507E-18
4055.71937011763  1.459214E-18
4057.21456038121  3.960742E-19
4058.70975064478  -3.524163E-18
4060.20494090836  -1.014336E-18
4061.70013117193  -3.897391E-19
4063.19532143551  3.383559E-18
4064.69051169908  -3.274440E-18
4066.18570196266  1.618372E-18
4067.68089222623  -1.050598E-18
4069.17608248981  -2.463221E-18
4070.67127275338  1.325500E-18
4072.16646301695  2.397551E-19
4073.66165328053  1.646307E-18
4075.15684354411  6.252586E-19
4076.65203380768  1.716236E-18
4078.14722407125  1.496470E-18
4079.64241433483  -9.689536E-21
4081.1376045984  -1.426247E-18
4082.63279486198  -1.604282E-18
4084.12798512555  -1.971077E-18
4085.62317538913  -2.189456E-18
4087.1183656527  1.421022E-18
4088.61355591628  1.635642E-18
4090.10874617985  -3.124897E-19
4091.60393644343  -2.987612E-18
4093.099126707  -8.755005E-19
4094.59431697058  6.301101E-19
4096.08950723415  -7.673395E-19
4097.58469749773  -5.656818E-19
4099.0798877613  6.545272E-19
4100.57507802488  1.443492E-18
4102.07026828845  -1.086966E-18
4103.56545855203  -2.650695E-19
4105.0606488156  -7.327415E-20
4106.55583907918  2.127173E-19
4108.05102934275  2.438791E-19
4109.54621960632  -7.673859E-19
4111.0414098699  8.396497E-19
4112.53660013348  -7.797187E-20
4114.03179039705  -1.452806E-18
4115.52698066063  -1.787863E-18
4117.0221709242  -2.615490E-18
4118.51736118777  -1.152069E-18
4120.01255145135  -2.721016E-19
4121.50774171492  -1.991415E-18
4123.0029319785  -5.373385E-19
4124.49812224207  5.643047E-19
4125.99331250565  2.060906E-18
4127.48850276922  1.200857E-18
4128.9836930328  3.006415E-19
4130.47888329637  2.045873E-18
4131.97407355995  -5.886105E-19
4133.46926382352  -1.440625E-18
4134.9644540871  4.718734E-19
4136.45964435067  1.936778E-18
4137.95483461425  2.332207E-18
4139.45002487782  -2.797141E-18
4140.9452151414  -1.594497E-18
4142.44040540497  1.941073E-19
4143.93559566855  -2.288331E-18
4145.43078593212  -1.754326E-18
4146.9259761957  -7.429285E-19
4148.42116645927  -8.123810E-19
4149.91635672285  -2.060255E-18
4151.41154698642  -1.238616E-18
4152.90673724999  5.944882E-20
4154.40192751357  1.644460E-18
4155.89711777714  2.388808E-19
4157.39230804072  1.459716E-18
4158.88749830429  3.281737E-18
4160.38268856787  1.094677E-18
4161.87787883144  2.556099E-20
4163.37306909502  1.450943E-18
4164.86825935859  9.179645E-19
4166.36344962217  1.427287E-19
4167.85863988574  -8.377547E-19
4169.35383014932  -3.634704E-19
4170.84902041289  -2.330937E-18
4172.34421067647  -9.184411E-20
4173.83940094004  2.120807E-19
4175.33459120362  -5.192508E-19
4176.82978146719  2.215815E-18
4178.32497173077  9.328421E-19
4179.82016199434  1.021282E-18
4181.31535225792  4.217595E-19
4182.81054252149  1.002200E-19
4184.30573278507  -2.424270E-19
4185.80092304864  -8.703907E-19
4187.29611331222  1.338057E-18
4188.79130357579  1.796526E-18
4190.28649383936  -1.370451E-18
4191.78168410294  -9.355827E-19
4193.27687436651  2.883278E-18
4194.77206463009  2.317232E-18
4196.26725489366  -2.501716E-18
4197.76244515724  -7.934792E-20
4199.25763542081  2.504875E-18
4200.75282568439  3.567211E-18
4202.24801594796  3.097947E-18
4203.74320621154  2.634696E-19
4205.23839647511  1.400433E-18
4206.73358673869  1.553703E-18
4208.22877700226  9.222722E-19
4209.72396726584  1.949835E-19
4211.21915752941  -9.232601E-19
4212.71434779299  2.353715E-18
4214.20953805656  9.507246E-19
4215.70472832014  -4.220267E-19
4217.19991858371  -1.616126E-18
4218.69510884729  4.171501E-19
4220.19029911086  7.859184E-19
4221.68548937443  9.976744E-19
4223.18067963801  4.168767E-19
4224.67586990158  3.583680E-19
4226.17106016516  1.344170E-19
4227.66625042874  1.793746E-18
4229.16144069231  -9.671935E-19
4230.65663095588  -1.930598E-19
4232.15182121946  1.321892E-18
4233.64701148303  1.442271E-18
4235.14220174661  -1.593067E-19
4236.63739201018  -1.208749E-18
4238.13258227376  -3.007457E-19
4239.62777253733  6.190880E-19
4241.12296280091  1.939761E-18
4242.61815306448  2.336449E-18
4244.11334332806  1.341370E-19
4245.60853359163  1.741779E-19
4247.10372385521  7.188069E-19
4248.59891411878  -3.190284E-19
4250.09410438236  -1.758444E-18
4251.58929464593  -6.933593E-19
4253.08448490951  -8.680350E-20
4254.57967517308  1.639673E-18
4256.07486543666  3.528768E-19
4257.57005570023  1.246113E-18
4259.06524596381  3.756151E-18
4260.56043622738  2.296595E-18
4262.05562649095  -7.038198E-19
4263.55081675453  -6.310547E-19
4265.0460070181  1.690892E-18
4266.54119728168  1.616415E-18
4268.03638754525  1.860668E-19
4269.53157780883  8.572552E-19
4271.0267680724  -1.968655E-19
4272.52195833598  2.718052E-18
4274.01714859955  2.604308E-18
4275.51233886313  8.821379E-19
4277.0075291267  1.907513E-18
4278.50271939028  1.547787E-18
4279.99790965385  -5.931576E-20
4281.49309991743  1.308232E-18
4282.988290181  1.927396E-18
4284.48348044458  1.367259E-18
4285.97867070815  1.122847E-18
4287.47386097173  -3.211358E-19
4288.9690512353  5.160844E-19
4290.46424149888  -3.190578E-19
4291.95943176245  1.835593E-18
4293.45462202603  1.884555E-19
4294.9498122896  -1.501075E-18
4296.44500255317  -6.826599E-20
4297.94019281675  -1.098139E-19
4299.43538308032  -5.121101E-19
4300.9305733439  -6.901022E-19
4302.42576360747  8.442052E-19
4303.92095387105  9.455127E-19
4305.41614413462  -1.623804E-18
4306.9113343982  -5.388886E-19
4308.40652466177  5.210576E-19
4309.90171492535  -2.024986E-18
4311.39690518892  -1.889131E-18
4312.8920954525  1.621155E-18
4314.38728571607  9.792371E-19
4315.88247597965  -3.073669E-18
4317.37766624322  -1.746232E-18
4318.8728565068  1.542281E-18
4320.36804677037  1.711489E-18
4321.86323703395  9.204391E-21
4323.35842729752  -1.347081E-18
4324.8536175611  -3.112676E-19
4326.34880782467  5.416500E-19
4327.84399808825  5.937807E-19
4329.33918835182  -7.578549E-19
4330.8343786154  8.450461E-19
4332.32956887897  3.366440E-20
4333.82475914255  -4.779857E-19
4335.31994940612  -2.223211E-19
4336.81513966969  3.082546E-18
4338.31032993327  1.604109E-18
4339.80552019685  6.183061E-19
4341.30071046042  1.237883E-18
4342.79590072399  -1.035982E-18
4344.29109098757  1.847445E-18
4345.78628125114  1.801081E-18
4347.28147151472  2.295060E-18
4348.77666177829  7.233238E-19
4350.27185204187  -4.233031E-20
4351.76704230544  1.001633E-19
4353.26223256902  1.063060E-18
4354.75742283259  2.280138E-18
4356.25261309617  2.946756E-19
4357.74780335974  3.265281E-19
4359.24299362332  2.624257E-19
4360.73818388689  8.002156E-19
4362.23337415047  9.251642E-19
4363.72856441404  1.490700E-18
4365.22375467762  1.087669E-18
4366.71894494119  1.006261E-18
4368.21413520477  2.670053E-18
4369.70932546834  1.673913E-18
4371.20451573192  2.583084E-18
4372.69970599549  1.771037E-19
4374.19489625907  1.607612E-18
4375.69008652264  1.412293E-19
4377.18527678621  -1.716197E-19
4378.68046704979  6.565224E-19
4380.17565731336  -1.296091E-18
4381.67084757694  -1.616045E-18
4383.16603784051  1.156821E-18
4384.66122810409  2.196722E-18
4386.15641836766  2.272798E-18
4387.65160863124  1.756220E-18
4389.14679889481  -7.346296E-19
4390.64198915839  -3.583272E-19
4392.13717942196  7.926412E-19
4393.63236968554  -1.543497E-19
4395.12755994911  1.908326E-18
4396.62275021269  6.720120E-19
4398.11794047626  3.944620E-19
4399.61313073984  1.068476E-18
4401.10832100341  1.040204E-19
4402.60351126699  3.781956E-19
4404.09870153056  1.589202E-18
4405.59389179414  -1.691762E-18
4407.08908205771  -2.325490E-18
4408.58427232129  1.907884E-18
4410.07946258486  2.388355E-18
4411.57465284843  1.190065E-18
4413.06984311201  5.746653E-19
4414.56503337558  -1.741185E-19
4416.06022363916  6.295913E-19
4417.55541390273  -9.689734E-22
4419.05060416631  -7.061575E-19
4420.54579442988  -1.368440E-18
4422.04098469346  -9.701701E-19
4423.53617495703  -6.357238E-19
4425.03136522061  1.862059E-18
4426.52655548418  1.134572E-18
4428.02174574776  -2.358946E-18
4429.51693601133  -1.187173E-18
4431.01212627491  -5.592348E-19
4432.50731653848  1.462047E-18
4434.00250680206  9.862361E-19
4435.49769706563  -4.148841E-19
4436.99288732921  -5.118572E-19
4438.48807759278  -5.452857E-19
4439.98326785636  -2.711608E-19
4441.47845811993  2.306305E-18
4442.97364838351  2.223006E-18
4444.46883864708  -2.156348E-19
4445.96402891066  -3.103108E-18
4447.45921917423  -1.484198E-18
4448.95440943781  -9.104405E-19
4450.44959970138  -1.047661E-18
4451.94478996496  1.259923E-18
4453.43998022853  1.936946E-18
4454.93517049211  9.364061E-19
4456.43036075568  -1.530792E-18
4457.92555101925  1.204299E-18
4459.42074128283  1.549240E-18
4460.9159315464  -2.347429E-18
4462.41112180998  -7.676868E-19
4463.90631207355  1.019407E-18
4465.40150233713  -9.110733E-19
4466.8966926007  -4.220049E-19
4468.39188286428  9.138550E-19
4469.88707312785  8.227619E-19
4471.38226339143  3.840196E-19
4472.877453655  -5.859342E-19
4474.37264391858  -1.069672E-18
4475.86783418215  -1.125592E-18
4477.36302444573  -2.988466E-18
4478.8582147093  -2.235137E-18
4480.35340497288  -2.789495E-18
4481.84859523645  1.145888E-18
4483.34378550003  2.063749E-18
4484.8389757636  1.129126E-18
4486.33416602718  2.853740E-19
4487.82935629075  1.066234E-18
4489.32454655432  -4.242581E-19
4490.8197368179  -1.348337E-18
4492.31492708148  2.321604E-18
4493.81011734505  1.094465E-18
4495.30530760862  -4.162959E-19
4496.8004978722  -2.404683E-18
4498.29568813577  -7.913713E-19
4499.79087839935  2.081048E-18
4501.28606866292  2.677198E-18
4502.7812589265  2.192623E-18
4504.27644919007  -1.098101E-18
4505.77163945365  -2.452613E-18
4507.26682971722  -1.625962E-18
4508.7620199808  8.396496E-21
4510.25721024437  8.524555E-19
4511.75240050795  -4.687948E-20
4513.24759077152  -6.832709E-19
4514.7427810351  2.285372E-18
4516.23797129867  2.477867E-18
4517.73316156225  1.291488E-18
4519.22835182582  2.433046E-19
4520.7235420894  2.482380E-18
4522.21873235297  1.923720E-18
4523.71392261655  -2.486159E-18
4525.20911288012  -1.363006E-19
4526.7043031437  -1.122089E-19
4528.19949340727  1.434046E-18
4529.69468367084  -5.061633E-19
4531.18987393442  1.274678E-18
4532.68506419799  6.203771E-19
4534.18025446157  -8.101019E-19
4535.67544472515  3.849350E-19
4537.17063498872  -3.877030E-19
4538.66582525229  -6.210267E-20
4540.16101551587  -3.984246E-21
4541.65620577944  -1.080613E-18
4543.15139604302  9.455913E-19
4544.64658630659  -4.855250E-19
4546.14177657017  7.891731E-20
4547.63696683374  -6.895059E-19
4549.13215709732  7.791856E-20
4550.62734736089  4.811843E-18
4552.12253762447  2.872832E-18
4553.61772788804  8.786722E-19
4555.11291815162  1.013640E-18
4556.60810841519  -9.256618E-19
4558.10329867877  6.645032E-19
4559.59848894234  -2.781338E-19
4561.09367920592  -1.923225E-19
4562.58886946949  -1.510919E-18
4564.08405973307  2.388117E-19
4565.57924999664  1.203914E-18
4567.07444026022  -2.052751E-18
4568.56963052379  -3.328685E-18
4570.06482078736  3.708910E-19
4571.56001105094  2.258564E-18
4573.05520131451  1.373755E-18
4574.55039157809  -1.736986E-18
4576.04558184166  -2.377580E-18
4577.54077210524  1.518507E-18
4579.03596236881  1.009774E-18
4580.53115263239  -1.472780E-18
4582.02634289596  -1.280917E-18
4583.52153315954  2.729676E-18
4585.01672342311  8.489692E-19
4586.51191368669  1.579206E-18
4588.00710395026  1.846093E-18
4589.50229421384  -1.190259E-18
4590.99748447741  -2.196164E-18
4592.49267474099  1.091081E-18
4593.98786500456  1.961739E-18
4595.48305526814  -6.493074E-20
4596.97824553171  -1.490643E-18
4598.47343579529  -7.065544E-19
4599.96862605886  -2.370067E-18
4601.46381632244  9.069068E-19
4602.95900658601  -1.411346E-18
4604.45419684958  -5.290850E-19
4605.94938711316  4.312335E-20
4607.44457737673  9.202258E-19
4608.93976764031  -3.267158E-18
4610.43495790388  -6.851357E-19
4611.93014816746  1.834065E-18
4613.42533843103  9.632726E-19
4614.92052869461  7.776242E-19
4616.41571895818  3.146492E-19
4617.91090922176  4.751256E-19
4619.40609948533  8.055789E-19
4620.90128974891  -2.420966E-18
4622.39648001248  -3.173970E-18
4623.89167027606  2.734224E-19
4625.38686053963  9.151880E-19
4626.88205080321  -7.701734E-19
4628.37724106678  1.295199E-18
4629.87243133036  -7.329085E-19
4631.36762159393  3.623023E-19
4632.86281185751  2.721886E-19
4634.35800212108  1.890744E-19
4635.85319238466  6.405121E-19
4637.34838264823  1.378328E-18
4638.84357291181  -3.354194E-19
4640.33876317538  -1.581517E-20
4641.83395343895  -9.903466E-19
4643.32914370253  -1.353423E-18
4644.8243339661  3.102946E-19
4646.31952422968  1.427986E-18
4647.81471449325  8.301264E-21
4649.30990475683  -4.175980E-19
4650.8050950204  1.824797E-18
4652.30028528398  2.236105E-18
4653.79547554755  2.146696E-18
4655.29066581113  1.295133E-18
4656.7858560747  1.117174E-18
4658.28104633828  1.841355E-19
4659.77623660185  6.180336E-19
4661.27142686543  1.610467E-18
4662.766617129  5.674714E-19
4664.26180739258  2.192316E-19
4665.75699765615  1.009186E-18
4667.25218791973  1.562822E-18
4668.7473781833  4.021381E-20
4670.24256844688  8.984884E-19
4671.73775871045  -7.538575E-19
4673.23294897403  -1.148623E-18
4674.7281392376  1.465718E-18
4676.22332950118  1.225534E-18
4677.71851976475  6.999946E-19
4679.21371002833  4.774298E-19
4680.7089002919  1.229460E-18
4682.20409055548  -6.757001E-19
4683.69928081905  -9.766250E-19
4685.19447108262  1.238867E-18
4686.6896613462  9.139766E-19
4688.18485160977  9.490166E-19
4689.68004187335  1.475848E-18
4691.17523213692  5.386768E-19
4692.6704224005  5.354228E-19
4694.16561266407  2.024345E-18
4695.66080292765  4.011839E-18
4697.15599319122  2.583059E-18
4698.6511834548  3.353684E-19
4700.14637371837  3.391729E-18
4701.64156398195  2.551933E-18
4703.13675424552  3.109670E-19
4704.6319445091  1.499430E-18
4706.12713477267  5.522768E-19
4707.62232503625  -6.931639E-19
4709.11751529982  4.925004E-19
4710.6127055634  1.546498E-18
4712.10789582697  4.711642E-19
4713.60308609055  -7.578319E-19
4715.09827635412  2.597527E-18
4716.59346661769  7.488141E-19
4718.08865688127  -8.836610E-19
4719.58384714484  2.872603E-18
4721.07903740842  2.200565E-18
4722.57422767199  -9.325274E-20
4724.06941793557  7.198075E-19
4725.56460819914  3.813282E-20
4727.05979846272  -1.043554E-18
4728.55498872629  -1.473439E-18
4730.05017898987  7.957270E-19
4731.54536925344  -1.174949E-18
4733.04055951702  2.133938E-18
4734.53574978059  1.639277E-18
4736.03094004417  1.845508E-18
4737.52613030774  1.604570E-20
4739.02132057132  -2.206034E-18
4740.51651083489  -1.852518E-19
4742.01170109847  -1.136875E-18
4743.50689136204  2.548250E-18
4745.00208162562  2.240348E-18
4746.49727188919  2.369893E-18
4747.99246215277  -4.759229E-19
4749.48765241634  8.125024E-19
4750.98284267992  3.980105E-18
4752.47803294349  1.290405E-18
4753.97322320706  1.181283E-18
4755.46841347064  -7.620291E-19
4756.96360373421  1.777202E-18
4758.45879399779  -5.531676E-19
4759.95398426136  2.212234E-18
4761.44917452494  1.312159E-18
4762.94436478851  1.636705E-18
4764.43955505209  1.504811E-18
4765.93474531566  -1.006920E-18
4767.42993557924  1.362677E-18
4768.92512584281  2.228014E-18
4770.42031610639  3.560884E-19
4771.91550636996  1.355539E-18
4773.41069663354  6.652742E-19
4774.90588689711  1.852180E-19
4776.40107716069  -2.664304E-19
4777.89626742426  -2.877535E-19
4779.39145768784  8.584325E-20
4780.88664795141  1.883927E-18
4782.38183821499  1.713091E-18
4783.87702847856  1.860659E-18
4785.37221874214  3.334950E-18
4786.86740900571  1.413514E-18
4788.36259926929  2.093796E-19
4789.85778953286  -6.540772E-19
4791.35297979644  -4.038813E-19
4792.84817006001  -5.632137E-19
4794.34336032358  7.441785E-19
4795.83855058716  1.846506E-18
4797.33374085073  -9.234684E-21
4798.82893111431  7.014939E-19
4800.32412137788  7.232656E-19
4801.81931164146  -5.885350E-19
4803.31450190503  -8.399126E-19
4804.80969216861  -1.864074E-18
4806.30488243218  -7.490959E-20
4807.80007269576  2.986777E-18
4809.29526295933  -2.584649E-19
4810.79045322291  -9.767788E-19
4812.28564348648  1.880303E-18
4813.78083375006  6.707417E-19
4815.27602401363  1.167791E-18
4816.77121427721  3.227786E-18
4818.26640454078  1.667609E-18
4819.76159480436  1.224178E-18
4821.25678506793  2.273613E-19
4822.75197533151  -2.169448E-18
4824.24716559508  -1.268313E-18
4825.74235585866  -3.969297E-19
4827.23754612223  1.858360E-18
4828.7327363858  2.735686E-18
4830.22792664938  3.230759E-18
4831.72311691295  2.340945E-18
4833.21830717653  -1.571313E-18
4834.7134974401  7.139908E-19
4836.20868770368  1.606423E-18
4837.70387796725  -2.533234E-19
4839.19906823083  1.075060E-18
4840.6942584944  2.482982E-18
4842.18944875798  9.421315E-19
4843.68463902155  2.941829E-19
4845.17982928513  1.310573E-18
4846.6750195487  9.642607E-19
4848.17020981228  9.003592E-19
4849.66540007585  1.317437E-19
4851.16059033943  2.336855E-18
4852.655780603  8.615144E-19
4854.15097086658  5.951557E-19
4855.64616113015  4.619876E-19
4857.14135139373  1.227977E-18
4858.6365416573  4.630943E-19
4860.13173192087  1.716105E-18
4861.62692218445  -3.866913E-19
4863.12211244803  -6.208124E-19
4864.6173027116  3.823723E-19
4866.11249297518  -4.855551E-19
4867.60768323875  -1.906916E-18
4869.10287350232  -2.517864E-18
4870.5980637659  9.333604E-19
4872.09325402947  2.807217E-18
4873.58844429305  -1.637518E-18
4875.08363455662  -3.502897E-18
4876.5788248202  -2.784936E-18
4878.07401508377  6.088916E-19
4879.56920534735  8.652725E-19
4881.06439561092  1.289627E-19
4882.5595858745  -1.687238E-19
4884.05477613807  2.570522E-18
4885.54996640165  2.174219E-18
4887.04515666522  8.006499E-19
4888.5403469288  1.897973E-18
4890.03553719237  7.969805E-19
4891.53072745595  -1.490255E-18
4893.02591771952  6.581369E-19
4894.5211079831  1.474474E-18
4896.01629824667  8.936064E-19
4897.51148851025  2.868290E-18
4899.00667877382  3.164268E-18
4900.5018690374  1.065017E-18
4901.99705930097  1.464388E-18
4903.49224956455  2.455200E-18
4904.98743982812  1.631240E-18
4906.4826300917  1.296004E-18
4907.97782035527  1.289267E-20
4909.47301061884  -9.890198E-19
4910.96820088242  1.563662E-18
4912.46339114599  3.003223E-18
4913.95858140957  1.837956E-18
4915.45377167314  1.809047E-18
4916.94896193672  2.150321E-18
4918.44415220029  1.533296E-18
4919.93934246387  1.327494E-18
4921.43453272744  2.919703E-18
4922.92972299102  -3.904281E-19
4924.42491325459  -7.319479E-19
4925.92010351817  2.344315E-18
4927.41529378174  2.556609E-18
4928.91048404532  2.064751E-18
4930.40567430889  3.384881E-18
4931.90086457247  -6.315092E-20
4933.39605483604  -1.110454E-18
4934.89124509962  3.939998E-19
4936.38643536319  8.500270E-19
4937.88162562677  4.343611E-19
4939.37681589034  3.560647E-19
4940.87200615392  9.980900E-19
4942.36719641749  1.065902E-19
4943.86238668106  9.084970E-19
4945.35757694464  -1.352515E-18
4946.85276720822  -2.883589E-19
4948.34795747179  -1.259258E-19
4949.84314773536  3.797976E-20
4951.33833799894  3.001544E-18
4952.83352826251  1.415562E-18
4954.32871852609  1.258069E-18
4955.82390878966  7.411371E-19
4957.31909905324  1.617670E-18
4958.81428931681  8.759376E-19
4960.30947958039  2.058185E-18
4961.80466984396  1.485629E-18
4963.29986010754  -5.374411E-19
4964.79505037111  5.604536E-19
4966.29024063469  -4.743158E-19
4967.78543089826  -1.914661E-19
4969.28062116184  9.071921E-19
4970.77581142541  7.834404E-19
4972.27100168899  3.568650E-18
4973.76619195256  2.100540E-18
4975.26138221614  1.571490E-18
4976.75657247971  1.717853E-18
4978.25176274329  2.881972E-18
4979.74695300686  4.577148E-18
4981.24214327043  1.326157E-18
4982.73733353401  1.805146E-19
4984.23252379759  7.416358E-19
4985.72771406116  2.370329E-18
4987.22290432473  1.950478E-18
4988.71809458831  5.367800E-18
4990.21328485188  2.955097E-18
4991.70847511546  4.419151E-19
4993.20366537903  -1.285464E-18
4994.69885564261  -1.148438E-18
4996.19404590618  1.077914E-18
4997.68923616976  -4.640420E-19
4999.18442643333  4.698913E-19
5000.67961669691  3.515864E-19
5002.17480696048  1.414479E-18
5003.66999722406  2.767103E-18
5005.16518748763  2.660249E-18
5006.66037775121  1.659525E-18
5008.15556801478  2.038208E-18
5009.65075827836  -7.185699E-19
5011.14594854193  -1.074705E-18
5012.64113880551  1.164441E-18
5014.13632906908  -6.689180E-19
5015.63151933266  7.464890E-19
5017.12670959623  1.276152E-18
5018.62189985981  4.201786E-18
5020.11709012338  3.151773E-18
5021.61228038696  1.135878E-18
5023.10747065053  1.247261E-18
5024.60266091411  2.243544E-18
5026.09785117768  2.423362E-18
5027.59304144125  2.742354E-18
5029.08823170483  2.057840E-18
5030.5834219684  2.624139E-18
5032.07861223198  2.862986E-18
5033.57380249556  1.349477E-18
5035.06899275913  5.304939E-19
5036.5641830227  1.036346E-18
5038.05937328628  1.023333E-18
5039.55456354985  6.913353E-20
5041.04975381343  9.804148E-19
5042.544944077  3.348895E-18
5044.04013434058  3.041725E-18
5045.53532460415  1.724610E-18
5047.03051486773  1.604452E-18
5048.5257051313  1.037108E-18
5050.02089539488  2.829140E-18
5051.51608565845  3.675266E-18
5053.01127592203  1.621325E-18
5054.5064661856  9.708934E-19
5056.00165644918  6.727565E-19
5057.49684671275  1.116433E-18
5058.99203697633  1.505419E-18
5060.4872272399  3.469463E-18
5061.98241750348  1.615689E-18
5063.47760776705  1.996789E-18
5064.97279803062  1.669624E-19
5066.4679882942  7.717511E-19
5067.96317855777  1.289285E-18
5069.45836882135  1.155929E-18
5070.95355908492  3.197024E-18
5072.4487493485  2.662553E-18
5073.94393961207  2.156628E-18
5075.43912987565  2.480197E-18
5076.93432013922  1.659136E-18
5078.4295104028  1.476991E-18
5079.92470066637  -3.244755E-19
5081.41989092995  3.244192E-18
5082.91508119352  2.226596E-18
5084.4102714571  5.595006E-20
5085.90546172067  2.187093E-18
5087.40065198425  2.768885E-18
5088.89584224782  3.609582E-19
5090.3910325114  -3.523421E-19
5091.88622277497  1.268325E-18
5093.38141303854  1.269568E-18
5094.87660330212  1.476404E-18
5096.3717935657  8.968720E-19
5097.86698382927  -2.066505E-20
5099.36217409284  1.776053E-18
5100.85736435642  2.138222E-18
5102.35255461999  1.810245E-18
5103.84774488357  4.551131E-19
5105.34293514714  1.331889E-18
5106.83812541072  2.394455E-18
5108.33331567429  5.944556E-19
5109.82850593787  2.292019E-19
5111.32369620144  -1.422800E-20
5112.81888646502  1.236225E-18
5114.31407672859  2.390523E-18
5115.80926699217  3.607072E-18
5117.30445725574  1.862105E-18
5118.79964751932  2.107266E-18
5120.29483778289  2.131229E-18
5121.79002804647  7.575465E-19
5123.28521831004  1.188456E-19
5124.78040857362  7.490839E-19
5126.27559883719  -1.057891E-19
5127.77078910077  1.494592E-18
5129.26597936434  1.163773E-18
5130.76116962792  2.090487E-18
5132.25635989149  1.789859E-18
5133.75155015506  1.997694E-18
5135.24674041864  2.804958E-18
5136.74193068221  3.499479E-18
5138.23712094579  3.158008E-18
5139.73231120936  2.220347E-18
5141.22750147294  1.209869E-18
5142.72269173651  2.715866E-18
5144.21788200009  4.968245E-18
5145.71307226366  1.741614E-18
5147.20826252724  8.803420E-19
5148.70345279081  2.592688E-18
5150.19864305439  6.046779E-19
5151.69383331796  8.308926E-19
5153.18902358154  -1.141992E-18
5154.68421384511  5.533460E-19
5156.17940410869  2.412156E-18
5157.67459437226  8.541766E-19
5159.16978463584  1.133401E-18
5160.66497489941  1.923182E-18
5162.16016516299  7.745376E-19
5163.65535542656  2.184151E-18
5165.15054569014  1.475762E-18
5166.64573595371  2.342168E-18
5168.14092621729  7.013982E-19
5169.63611648086  2.592247E-18
5171.13130674444  4.541809E-18
5172.62649700801  3.165871E-18
5174.12168727159  1.982054E-18
5175.61687753516  2.218176E-18
5177.11206779873  1.969994E-18
5178.60725806231  1.105954E-18
5180.10244832588  2.222151E-18
5181.59763858946  2.080451E-18
5183.09282885303  1.885902E-18
5184.58801911661  2.334431E-18
5186.08320938018  8.453994E-19
5187.57839964376  2.312269E-18
5189.07358990733  2.319550E-18
5190.56878017091  3.370133E-19
5192.06397043448  1.737770E-18
5193.55916069806  1.463918E-18
5195.05435096163  2.319669E-18
5196.54954122521  3.492828E-18
5198.04473148878  1.768190E-18
5199.53992175236  -6.000101E-19
5201.03511201593  -1.574903E-19
5202.53030227951  5.865353E-18
5204.02549254308  2.022696E-18
5205.52068280666  3.763859E-18
5207.01587307023  3.411202E-18
5208.51106333381  3.350724E-18
5210.00625359738  2.726245E-18
5211.50144386096  1.536645E-18
5212.99663412453  3.791755E-18
5214.4918243881  2.528268E-18
5215.98701465168  2.880157E-18
5217.48220491525  4.530125E-18
5218.97739517883  2.507141E-18
5220.4725854424  1.138813E-18
5221.96777570598  2.195905E-18
5223.46296596955  4.445847E-18
5224.95815623313  3.402885E-18
5226.4533464967  8.034075E-19
5227.94853676028  9.237741E-19
5229.44372702385  3.546280E-18
5230.93891728743  3.271946E-18
5232.434107551  1.303594E-18
5233.92929781458  2.980489E-18
5235.42448807815  4.123847E-18
5236.91967834173  3.071109E-18
5238.4148686053  2.921166E-18
5239.91005886888  2.681543E-18
5241.40524913245  1.845563E-18
5242.90043939603  2.251627E-18
5244.3956296596  3.915473E-18
5245.89081992317  3.480822E-18
5247.38601018675  3.114073E-18
5248.88120045033  4.753106E-18
5250.3763907139  2.454301E-18
5251.87158097747  2.882456E-18
5253.36677124105  3.672660E-18
5254.86196150462  1.285978E-18
5256.3571517682  2.796605E-18
5257.85234203177  2.435786E-18
5259.34753229535  2.354941E-18
5260.84272255892  2.676378E-18
5262.3379128225  1.817277E-18
5263.83310308607  2.620862E-18
5265.32829334965  1.545492E-18
5266.82348361322  2.172631E-18
5268.3186738768  4.842679E-18
5269.81386414037  4.104099E-18
5271.30905440395  2.538724E-19
5272.80424466752  4.505390E-20
5274.2994349311  4.008966E-18
5275.79462519467  3.586823E-18
5277.28981545825  2.523450E-18
5278.78500572182  3.158558E-18
5280.28019598539  1.030426E-18
5281.77538624897  2.595549E-18
5283.27057651254  2.447544E-18
5284.76576677612  1.360811E-18
5286.2609570397  1.161098E-18
5287.75614730327  2.092742E-18
5289.25133756684  3.176421E-18
5290.74652783042  2.275130E-18
5292.241718094  1.857811E-18
5293.73690835757  2.408916E-18
5295.23209862114  2.015661E-18
5296.72728888472  1.974499E-18
5298.22247914829  -5.313024E-20
5299.71766941187  1.056106E-19
5301.21285967544  1.426570E-18
5302.70804993902  2.394051E-18
5304.20324020259  3.020477E-18
5305.69843046617  3.624234E-18
5307.19362072974  -6.892923E-19
5308.68881099332  -1.870321E-18
5310.18400125689  3.648181E-18
5311.67919152047  4.815491E-18
5313.17438178404  3.229802E-18
5314.66957204762  1.755775E-18
5316.16476231119  2.721140E-18
5317.65995257477  2.735107E-18
5319.15514283834  4.103870E-18
5320.65033310192  5.542378E-18
5322.14552336549  3.839949E-18
5323.64071362906  2.561315E-18
5325.13590389264  2.521189E-18
5326.63109415621  6.437505E-20
5328.12628441979  -2.913755E-19
5329.62147468336  3.387550E-18
5331.11666494694  2.161414E-19
5332.61185521051  2.808139E-18
5334.10704547409  3.408538E-18
5335.60223573766  2.036232E-18
5337.09742600124  4.964287E-18
5338.59261626481  5.644426E-18
5340.08780652839  3.307879E-18
5341.58299679196  2.461245E-18
5343.07818705554  9.726965E-19
5344.57337731911  1.466555E-18
5346.06856758269  3.075963E-18
5347.56375784626  1.737948E-18
5349.05894810984  1.276266E-18
5350.55413837341  1.415617E-18
5352.04932863699  2.422551E-18
5353.54451890056  8.784862E-19
5355.03970916414  4.314353E-18
5356.53489942771  3.345721E-18
5358.03008969129  2.937140E-18
5359.52527995486  4.079517E-18
5361.02047021843  1.811614E-18
5362.51566048201  3.994044E-18
5364.01085074558  4.352901E-18
5365.50604100916  1.089306E-18
5367.00123127273  3.117574E-18
5368.49642153631  4.396523E-18
5369.99161179989  1.586038E-18
5371.48680206346  1.465453E-18
5372.98199232703  2.961989E-18
5374.47718259061  5.215028E-18
5375.97237285418  4.452061E-18
5377.46756311776  1.762518E-18
5378.96275338133  2.223500E-18
5380.45794364491  1.599231E-18
5381.95313390848  1.982894E-18
5383.44832417206  3.849547E-18
5384.94351443563  2.758402E-18
5386.43870469921  3.948577E-18
5387.93389496278  9.897228E-19
5389.42908522636  3.634510E-18
5390.92427548993  3.289363E-18
5392.41946575351  2.490876E-18
5393.91465601708  4.920007E-18
5395.40984628066  5.107399E-18
5396.90503654423  3.547178E-19
5398.40022680781  2.179262E-18
5399.89541707138  2.133117E-18
5401.39060733495  2.095552E-18
5402.88579759853  1.769103E-18
5404.38098786211  1.894510E-18
5405.87617812568  3.258975E-18
5407.37136838925  3.503849E-18
5408.86655865283  1.030969E-18
5410.3617489164  1.278783E-18
5411.85693917998  4.874857E-18
5413.35212944355  4.591856E-18
5414.84731970713  3.698658E-18
5416.3425099707  3.582364E-18
5417.83770023428  2.062059E-18
5419.33289049785  2.398231E-18
5420.82808076143  3.096962E-18
5422.323271025  1.924821E-18
5423.81846128858  4.909772E-18
5425.31365155215  2.853563E-18
5426.80884181573  3.267983E-18
5428.3040320793  2.386194E-18
5429.79922234288  2.932215E-18
5431.29441260645  1.689365E-18
5432.78960287003  2.515548E-18
5434.2847931336  3.652065E-18
5435.77998339718  4.358064E-18
5437.27517366075  4.072228E-18
5438.77036392433  4.146957E-18
5440.2655541879  4.617866E-18
5441.76074445147  2.327471E-18
5443.25593471505  1.005024E-18
5444.75112497862  2.728787E-18
5446.2463152422  3.032876E-18
5447.74150550577  2.987122E-18
5449.23669576935  3.973119E-18
5450.73188603292  3.049715E-18
5452.2270762965  3.112131E-18
5453.72226656007  3.499754E-18
5455.21745682365  3.415335E-18
5456.71264708722  5.882741E-18
5458.2078373508  4.395606E-18
5459.70302761437  5.212409E-18
5461.19821787795  2.795453E-18
5462.69340814152  2.826698E-18
5464.1885984051  3.706341E-18
5465.68378866867  1.770396E-18
5467.17897893225  1.063371E-18
5468.67416919582  1.535532E-18
5470.1693594594  3.056768E-18
5471.66454972297  3.280348E-18
5473.15973998655  2.610371E-18
5474.65493025012  2.956881E-18
5476.15012051369  -9.616567E-19
5477.64531077727  1.452508E-18
5479.14050104084  5.899302E-18
5480.63569130442  4.200385E-18
5482.13088156799  1.644120E-18
5483.62607183157  1.588678E-18
5485.12126209514  3.563873E-18
5486.61645235872  2.391968E-18
5488.11164262229  3.696317E-18
5489.60683288587  4.875706E-18
5491.10202314944  2.222332E-18
5492.59721341302  3.953785E-18
5494.09240367659  3.153534E-18
5495.58759394017  3.331211E-18
5497.08278420374  4.462067E-18
5498.57797446732  3.525126E-18
5500.07316473089  3.874042E-18
5501.56835499447  3.263051E-18
5503.06354525804  2.982440E-18
5504.55873552162  1.739687E-18
5506.05392578519  2.118473E-18
5507.54911604877  2.511940E-18
5509.04430631234  1.044056E-18
5510.53949657592  1.476661E-18
5512.03468683949  3.055852E-18
5513.52987710307  5.359526E-18
5515.02506736664  3.748168E-18
5516.52025763022  1.587400E-18
5518.01544789379  3.959111E-18
5519.51063815736  4.452695E-18
5521.00582842094  1.951748E-18
5522.50101868451  1.476200E-18
5523.99620894809  4.046679E-18
5525.49139921166  3.783337E-18
5526.98658947524  1.784414E-18
5528.48177973881  3.745056E-18
5529.97697000239  3.837980E-18
5531.47216026596  1.685695E-18
5532.96735052954  2.786053E-18
5534.46254079311  1.634747E-18
5535.95773105669  3.660110E-18
5537.45292132026  3.751529E-18
5538.94811158384  3.358249E-18
5540.44330184741  4.820217E-18
5541.93849211099  4.942549E-18
5543.43368237456  2.734427E-18
5544.92887263814  5.485180E-19
5546.42406290171  -7.067075E-19
5547.91925316528  1.004599E-18
5549.41444342886  2.148671E-18
5550.90963369243  1.793376E-18
5552.40482395601  4.885499E-18
5553.90001421958  5.926281E-18
5555.39520448316  3.439613E-18
5556.89039474673  4.955737E-18
5558.38558501031  3.925331E-18
5559.88077527389  2.125936E-18
5561.37596553746  4.195477E-18
5562.87115580103  5.170854E-18
5564.36634606461  6.993909E-18
5565.86153632818  3.937909E-18
5567.35672659176  4.243827E-18
5568.85191685533  2.007073E-18
5570.34710711891  1.201110E-18
5571.84229738248  4.351320E-18
5573.33748764606  -2.813903E-18
5574.83267790963  1.994769E-19
5576.32786817321  4.028959E-18
5577.82305843678  -1.579775E-18
5579.31824870036  -3.191805E-18
5580.81343896393  1.062968E-18
5582.30862922751  5.975608E-18
5583.80381949108  1.597817E-18
5585.29900975466  2.081484E-18
5586.79420001823  6.263488E-19
5588.28939028181  3.149331E-18
5589.78458054538  6.939915E-18
5591.27977080895  4.494102E-18
5592.77496107253  2.022655E-18
5594.27015133611  1.442302E-18
5595.76534159968  1.416811E-18
5597.26053186325  4.486133E-18
5598.75572212683  4.605873E-18
5600.2509123904  2.224499E-18
5601.74610265398  1.380097E-18
5603.24129291755  2.498218E-18
5604.73648318113  3.441572E-18
5606.2316734447  2.698691E-18
5607.72686370828  1.539412E-18
5609.22205397185  1.153088E-18
5610.71724423543  4.126163E-18
5612.212434499  3.467837E-18
5613.70762476258  3.778098E-18
5615.20281502615  3.771600E-18
5616.69800528972  2.411457E-18
5618.1931955533  1.067700E-18
5619.68838581687  2.459299E-18
5621.18357608045  2.919512E-18
5622.67876634403  2.136771E-18
5624.1739566076  2.036781E-18
5625.66914687117  3.069435E-18
5627.16433713475  2.843132E-18
5628.65952739833  1.008402E-18
5630.1547176619  9.618116E-19
5631.64990792547  3.749190E-18
5633.14509818905  5.497639E-18
5634.64028845262  3.395683E-18
5636.1354787162  3.345857E-18
5637.63066897977  2.019131E-18
5639.12585924335  1.997532E-18
5640.62104950692  3.926551E-18
5642.1162397705  4.399894E-18
5643.61143003407  4.732431E-18
5645.10662029765  5.994458E-18
5646.60181056122  3.721736E-18
5648.0970008248  2.709471E-18
5649.59219108837  6.098401E-18
5651.08738135195  6.391850E-18
5652.58257161552  4.256451E-18
5654.0777618791  4.604992E-18
5655.57295214267  4.863750E-18
5657.06814240625  4.228613E-18
5658.56333266982  1.578182E-18
5660.0585229334  2.744072E-18
5661.55371319697  4.276999E-18
5663.04890346055  4.289918E-18
5664.54409372412  5.598497E-18
5666.0392839877  2.705642E-18
5667.53447425127  1.383705E-18
5669.02966451484  4.470365E-18
5670.52485477842  5.399759E-18
5672.02004504199  3.908947E-18
5673.51523530557  3.733826E-18
5675.01042556914  2.901986E-18
5676.50561583272  1.735616E-18
5678.00080609629  3.180311E-18
5679.49599635987  3.956286E-18
5680.99118662344  3.917395E-18
5682.48637688702  5.004177E-18
5683.98156715059  4.079156E-18
5685.47675741417  4.604122E-18
5686.97194767774  1.609691E-18
5688.46713794132  2.259517E-18
5689.96232820489  5.277587E-18
5691.45751846847  2.364724E-18
5692.95270873204  2.112954E-18
5694.44789899562  5.611205E-18
5695.94308925919  6.023248E-18
5697.43827952276  5.533138E-18
5698.93346978634  5.115763E-18
5700.42866004992  3.603479E-18
5701.92385031349  3.459953E-18
5703.41904057706  3.044663E-18
5704.91423084064  3.710100E-18
5706.40942110421  2.537691E-18
5707.90461136779  2.740893E-18
5709.39980163136  2.361174E-18
5710.89499189494  4.761395E-18
5712.39018215851  2.315187E-18
5713.88537242209  3.791607E-18
5715.38056268566  5.613371E-18
5716.87575294924  3.956670E-18
5718.37094321281  2.867597E-18
5719.86613347639  3.845971E-18
5721.36132373996  5.837902E-18
5722.85651400354  5.760519E-18
5724.35170426711  3.217874E-18
5725.84689453069  2.020524E-18
5727.34208479426  4.219885E-18
5728.83727505784  2.620808E-18
5730.33246532141  3.256944E-18
5731.82765558499  3.113362E-18
5733.32284584856  2.059470E-18
5734.81803611214  9.330279E-19
5736.31322637571  2.495540E-18
5737.80841663929  3.978145E-18
5739.30360690286  2.889987E-18
5740.79879716643  2.227626E-18
5742.29398743001  1.922451E-18
5743.78917769358  9.486461E-19
5745.28436795716  2.676761E-18
5746.77955822073  4.213264E-18
5748.27474848431  2.179174E-18
5749.76993874788  3.552294E-18
5751.26512901146  1.779162E-18
5752.76031927503  3.751473E-18
5754.25550953861  1.703336E-18
5755.75069980218  1.190451E-18
5757.24589006576  4.888421E-18
5758.74108032933  4.768765E-18
5760.23627059291  2.247821E-18
5761.73146085648  2.798341E-18
5763.22665112006  5.823877E-18
5764.72184138363  7.050093E-18
5766.21703164721  5.168696E-18
5767.71222191078  5.520645E-18
5769.20741217436  5.387982E-18
5770.70260243793  5.040778E-18
5772.19779270151  2.148248E-18
5773.69298296508  4.265975E-18
5775.18817322865  5.203197E-18
5776.68336349223  4.646259E-18
5778.1785537558  5.038694E-18
5779.67374401938  5.026406E-18
5781.16893428295  3.943449E-18
5782.66412454653  2.663040E-18
5784.15931481011  3.520255E-18
5785.65450507368  4.690908E-18
5787.14969533725  2.881951E-18
5788.64488560083  3.244551E-18
5790.1400758644  1.957028E-18
5791.63526612798  1.178527E-18
5793.13045639155  2.924416E-18
5794.62564665513  2.152199E-18
5796.1208369187  1.805089E-18
5797.61602718228  4.326644E-18
5799.11121744585  3.334884E-18
5800.60640770943  3.783692E-18
5802.101597973  3.779424E-18
5803.59678823658  2.682278E-18
5805.09197850015  6.265315E-18
5806.58716876373  5.724864E-18
5808.0823590273  2.184988E-18
5809.57754929088  3.441657E-18
5811.07273955445  2.999378E-18
5812.56792981803  2.837242E-18
5814.0631200816  6.594763E-18
5815.55831034518  2.807844E-18
5817.05350060875  1.022163E-18
5818.54869087232  5.949232E-18
5820.0438811359  5.044966E-18
5821.53907139947  2.934909E-18
5823.03426166305  5.097873E-18
5824.52945192662  5.019375E-18
5826.0246421902  4.760056E-18
5827.51983245377  4.837827E-18
5829.01502271735  3.559191E-18
5830.51021298092  2.820475E-18
5832.0054032445  2.900370E-18
5833.50059350807  1.303771E-18
5834.99578377165  2.499104E-18
5836.49097403522  5.560327E-18
5837.9861642988  6.180132E-18
5839.48135456237  5.542216E-18
5840.97654482595  6.321983E-18
5842.47173508952  5.345011E-18
5843.9669253531  3.978130E-18
5845.46211561667  5.430257E-18
5846.95730588025  4.749296E-18
5848.45249614382  4.773438E-18
5849.9476864074  2.755991E-18
5851.44287667097  3.195729E-18
5852.93806693455  2.010452E-18
5854.43325719812  2.851298E-18
5855.9284474617  5.715768E-18
5857.42363772527  5.463157E-18
5858.91882798884  4.773137E-18
5860.41401825242  3.906840E-18
5861.90920851599  4.106329E-18
5863.40439877957  5.297888E-18
5864.89958904314  3.585644E-18
5866.39477930672  4.805382E-18
5867.88996957029  4.721374E-18
5869.38515983387  4.963924E-18
5870.88035009744  4.254180E-18
5872.37554036102  6.132521E-18
5873.87073062459  5.359240E-18
5875.36592088817  3.054227E-18
5876.86111115174  4.004445E-18
5878.35630141532  5.456912E-18
5879.85149167889  4.280533E-18
5881.34668194247  4.604856E-18
5882.84187220604  7.226300E-18
5884.33706246962  7.077014E-18
5885.83225273319  6.029339E-18
5887.32744299677  5.060093E-18
5888.82263326034  4.198397E-18
5890.31782352391  3.364526E-18
5891.81301378749  3.207007E-18
5893.30820405107  5.388750E-18
5894.80339431464  6.601013E-18
5896.29858457821  4.356397E-18
5897.79377484179  9.089822E-19
5899.28896510536  1.400509E-18
5900.78415536894  5.828787E-18
5902.27934563251  6.678421E-18
5903.77453589609  2.709518E-18
5905.26972615966  1.177101E-18
5906.76491642324  4.263134E-18
5908.26010668681  5.014933E-18
5909.75529695039  5.890595E-18
5911.25048721396  3.469810E-18
5912.74567747754  4.473492E-18
5914.24086774111  5.901501E-18
5915.73605800469  6.572192E-18
5917.23124826826  6.454650E-18
5918.72643853184  3.627992E-18
5920.22162879541  4.974721E-18
5921.71681905899  7.506183E-18
5923.21200932256  5.848810E-18
5924.70719958614  7.507512E-18
5926.20238984971  7.760371E-18
5927.69758011329  4.410349E-18
5929.19277037686  5.024317E-18
5930.68796064044  7.457162E-18
5932.18315090401  7.589435E-18
5933.67834116758  4.440693E-18
5935.17353143116  3.032095E-18
5936.66872169474  5.310977E-18
5938.16391195831  5.451373E-18
5939.65910222188  5.408756E-18
5941.15429248546  4.579149E-18
5942.64948274903  3.896750E-18
5944.14467301261  5.556503E-18
5945.63986327618  9.907707E-18
5947.13505353976  7.930261E-18
5948.63024380333  3.852413E-18
5950.12543406691  2.585195E-18
5951.62062433048  3.290276E-18
5953.11581459406  4.419573E-18
5954.61100485763  3.332078E-18
5956.10619512121  2.167163E-18
5957.60138538478  5.925679E-18
5959.09657564836  8.643209E-18
5960.59176591193  5.921928E-18
5962.08695617551  4.961217E-18
5963.58214643908  5.456484E-18
5965.07733670265  5.601322E-18
5966.57252696623  4.859397E-18
5968.0677172298  3.846530E-18
5969.56290749338  3.556138E-18
5971.05809775695  4.473572E-18
5972.55328802053  5.487527E-18
5974.0484782841  4.402224E-18
5975.54366854768  4.520840E-18
5977.03885881125  9.290128E-18
5978.53404907483  6.096930E-18
5980.0292393384  5.465760E-18
5981.52442960198  4.474239E-18
5983.01961986555  3.842686E-18
5984.51481012913  6.740565E-18
5986.0100003927  6.189943E-18
5987.50519065628  3.059392E-18
5989.00038091985  5.342872E-18
5990.49557118343  6.931764E-18
5991.990761447  4.689670E-18
5993.48595171058  6.470223E-18
5994.98114197415  7.671295E-18
5996.47633223773  5.513930E-18
5997.9715225013  5.034015E-18
5999.46671276488  3.350130E-18
6000.96190302845  4.625973E-18
6002.45709329203  7.196096E-18
6003.9522835556  6.771901E-18
6005.44747381917  5.219896E-18
6006.94266408275  2.898906E-18
6008.43785434633  4.907761E-18
6009.9330446099  9.592862E-18
6011.42823487347  7.775108E-18
6012.92342513705  5.304985E-18
6014.41861540062  4.132169E-18
6015.9138056642  4.985174E-18
6017.40899592777  5.647337E-18
6018.90418619135  3.535926E-18
6020.39937645492  3.136105E-18
6021.8945667185  6.476607E-18
6023.38975698207  6.557669E-18
6024.88494724565  4.647811E-18
6026.38013750922  8.026746E-18
6027.8753277728  8.281594E-18
6029.37051803637  3.837944E-18
6030.86570829995  3.109039E-18
6032.36089856352  4.351748E-18
6033.8560888271  4.192770E-18
6035.35127909067  5.338520E-18
6036.84646935425  5.055674E-18
6038.34165961782  3.101959E-18
6039.8368498814  5.755773E-18
6041.33204014497  5.466280E-18
6042.82723040854  1.449250E-18
6044.32242067212  4.068730E-18
6045.81761093569  6.762833E-18
6047.31280119927  7.299512E-18
6048.80799146284  4.756267E-18
6050.30318172642  4.767964E-18
6051.79837198999  6.450828E-18
6053.29356225357  6.111553E-18
6054.78875251714  5.817045E-18
6056.28394278072  4.420293E-18
6057.77913304429  4.004391E-18
6059.27432330787  6.804563E-18
6060.76951357144  3.659229E-18
6062.26470383502  5.284688E-18
6063.75989409859  5.765416E-18
6065.25508436217  2.635714E-18
6066.75027462574  3.444332E-18
6068.24546488932  6.078069E-18
6069.74065515289  5.470315E-18
6071.23584541647  5.047990E-18
6072.73103568004  5.747106E-18
6074.22622594362  5.930215E-18
6075.72141620719  4.827853E-18
6077.21660647077  6.412831E-18
6078.71179673434  2.657625E-18
6080.20698699792  2.705638E-18
6081.70217726149  5.495196E-18
6083.19736752507  6.069043E-18
6084.69255778864  6.599182E-18
6086.18774805221  6.301958E-18
6087.68293831579  4.826987E-18
6089.17812857936  5.868502E-18
6090.67331884294  6.681330E-18
6092.16850910651  4.687931E-18
6093.66369937009  6.895720E-18
6095.15888963366  7.018641E-18
6096.65407989724  8.035472E-18
6098.14927016081  6.931173E-18
6099.64446042439  3.015279E-18
6101.13965068796  2.676228E-18
6102.63484095154  5.172885E-18
6104.13003121511  6.659974E-18
6105.62522147869  2.508698E-18
6107.12041174226  4.704584E-18
6108.61560200584  4.189049E-18
6110.11079226941  5.334699E-18
6111.60598253299  7.604517E-18
6113.10117279656  6.298889E-18
6114.59636306013  4.840855E-18
6116.09155332371  5.315938E-18
6117.58674358728  4.163511E-18
6119.08193385086  2.855060E-18
6120.57712411444  3.498624E-18
6122.07231437801  4.396490E-18
6123.56750464158  5.969732E-18
6125.06269490516  8.069217E-18
6126.55788516874  9.086256E-18
6128.05307543231  7.568428E-18
6129.54826569588  7.036374E-18
6131.04345595946  6.983544E-18
6132.53864622303  5.082232E-18
6134.03383648661  5.700657E-18
6135.52902675018  6.275203E-18
6137.02421701376  6.205330E-18
6138.51940727733  4.016952E-18
6140.01459754091  6.049033E-18
6141.50978780448  8.451576E-18
6143.00497806806  5.412399E-18
6144.50016833163  2.878036E-18
6145.99535859521  4.998712E-18
6147.49054885878  6.410614E-18
6148.98573912236  5.675375E-18
6150.48092938593  6.266609E-18
6151.97611964951  9.662546E-18
6153.47130991308  9.250223E-18
6154.96650017666  6.566645E-18
6156.46169044023  7.109044E-18
6157.95688070381  6.883040E-18
6159.45207096738  5.725818E-18
6160.94726123095  7.275668E-18
6162.44245149453  8.517832E-18
6163.9376417581  7.302059E-18
6165.43283202168  6.018566E-18
6166.92802228525  6.694822E-18
6168.42321254883  5.667407E-18
6169.9184028124  6.873557E-18
6171.41359307598  5.966923E-18
6172.90878333955  4.981857E-18
6174.40397360313  6.338073E-18
6175.8991638667  7.075724E-18
6177.39435413028  6.697351E-18
6178.88954439385  5.380875E-18
6180.38473465743  5.321316E-18
6181.879924921  5.399384E-18
6183.37511518458  7.699150E-18
6184.87030544815  8.377554E-18
6186.36549571172  6.012024E-18
6187.8606859753  5.319944E-18
6189.35587623888  6.484909E-18
6190.85106650245  5.574103E-18
6192.34625676603  5.003305E-18
6193.8414470296  7.472772E-18
6195.33663729317  7.812428E-18
6196.83182755675  8.796361E-18
6198.32701782033  8.692030E-18
6199.8222080839  7.257969E-18
6201.31739834747  6.948832E-18
6202.81258861105  7.344089E-18
6204.30777887462  6.760639E-18
6205.8029691382  6.277635E-18
6207.29815940177  6.611649E-18
6208.79334966535  6.189375E-18
6210.28853992892  6.346870E-18
6211.7837301925  7.127560E-18
6213.27892045607  7.199406E-18
6214.77411071965  8.635264E-18
6216.26930098322  6.606564E-18
6217.7644912468  4.263372E-18
6219.25968151037  7.600956E-18
6220.75487177395  9.140500E-18
6222.25006203752  6.961295E-18
6223.7452523011  4.150252E-18
6225.24044256467  4.097952E-18
6226.73563282825  6.121671E-18
6228.23082309182  7.150383E-18
6229.72601335539  7.014366E-18
6231.22120361897  7.089368E-18
6232.71639388255  6.061629E-18
6234.21158414612  6.214512E-18
6235.70677440969  9.496397E-18
6237.20196467327  5.304182E-18
6238.69715493684  6.586509E-18
6240.19234520042  6.990104E-18
6241.68753546399  4.730500E-18
6243.18272572757  5.766013E-18
6244.67791599114  5.618661E-18
6246.17310625472  6.862848E-18
6247.66829651829  1.087695E-17
6249.16348678187  6.476844E-18
6250.65867704544  6.785502E-18
6252.15386730902  5.936573E-18
6253.64905757259  5.898708E-18
6255.14424783617  6.463758E-18
6256.63943809974  4.218525E-18
6258.13462836332  4.187608E-18
6259.62981862689  7.105103E-18
6261.12500889047  6.687316E-18
6262.62019915404  5.807772E-18
6264.11538941762  8.188565E-18
6265.61057968119  7.431803E-18
6267.10576994477  6.682368E-18
6268.60096020834  6.969627E-18
6270.09615047191  5.726874E-18
6271.59134073549  3.592593E-18
6273.08653099906  3.327346E-18
6274.58172126264  6.693502E-18
6276.07691152621  9.216810E-18
6277.57210178979  5.164116E-18
6279.06729205336  7.699068E-18
6280.56248231694  8.715048E-18
6282.05767258051  8.076427E-18
6283.55286284409  6.873623E-18
6285.04805310766  6.818653E-18
6286.54324337124  5.281376E-18
6288.03843363481  2.470862E-18
6289.53362389839  4.667228E-18
6291.02881416196  6.042083E-18
6292.52400442554  3.501719E-18
6294.01919468911  5.756085E-18
6295.51438495269  5.473125E-18
6297.00957521626  4.940791E-18
6298.50476547984  7.702108E-18
6299.99995574341  8.370438E-18
6301.49514600699  5.562224E-18
6302.99033627056  5.034687E-18
6304.48552653414  6.221450E-18
6305.98071679771  6.743879E-18
6307.47590706128  8.091209E-18
6308.97109732486  6.919188E-18
6310.46628758844  7.220005E-18
6311.96147785201  7.999397E-18
6313.45666811558  5.245949E-18
6314.95185837916  2.739678E-18
6316.44704864273  4.623564E-18
6317.94223890631  7.182058E-18
6319.43742916988  6.167862E-18
6320.93261943346  8.927435E-18
6322.42780969703  7.908668E-18
6323.92299996061  6.764614E-18
6325.41819022418  8.402774E-18
6326.91338048776  9.796191E-18
6328.40857075133  1.006321E-17
6329.90376101491  7.922111E-18
6331.39895127848  8.032220E-18
6332.89414154206  8.808366E-18
6334.38933180563  6.344441E-18
6335.88452206921  6.127796E-18
6337.37971233278  6.404111E-18
6338.87490259636  4.589999E-18
6340.37009285993  4.441858E-18
6341.8652831235  6.532030E-18
6343.36047338708  6.416457E-18
6344.85566365066  4.564639E-18
6346.35085391423  9.448998E-18
6347.8460441778  7.772814E-18
6349.34123444138  6.422973E-18
6350.83642470496  7.002148E-18
6352.33161496853  5.822354E-18
6353.82680523211  6.836355E-18
6355.32199549568  7.903165E-18
6356.81718575925  7.064601E-18
6358.31237602283  1.049004E-17
6359.8075662864  8.238952E-18
6361.30275654998  5.672379E-18
6362.79794681355  7.291737E-18
6364.29313707713  9.571907E-18
6365.7883273407  8.528608E-18
6367.28351760428  6.577689E-18
6368.77870786785  7.879974E-18
6370.27389813143  6.038591E-18
6371.769088395  8.834755E-18
6373.26427865858  7.860708E-18
6374.75946892215  8.224895E-18
6376.25465918573  8.086233E-18
6377.7498494493  6.352476E-18
6379.24503971288  7.010907E-18
6380.74022997645  6.605624E-18
6382.23542024002  8.859058E-18
6383.7306105036  7.837638E-18
6385.22580076718  7.814893E-18
6386.72099103075  1.027968E-17
6388.21618129432  1.085090E-17
6389.7113715579  6.757001E-18
6391.20656182147  4.487350E-18
6392.70175208505  6.545057E-18
6394.19694234862  3.110890E-18
