5296.11437773522  7.054623E-18
5297.74188637266  6.679486E-18
5299.3693950101  4.618640E-18
5300.99690364754  6.991673E-18
5302.62441228498  8.759893E-18
5304.25192092242  6.803995E-18
5305.87942955986  7.906350E-18
5307.5069381973  8.600361E-18
5309.13444683474  6.965123E-18
5310.76195547218  7.107046E-18
5312.38946410962  8.092574E-18
5314.01697274706  6.393579E-18
5315.6444813845  7.901860E-18
5317.27199002194  5.930961E-18
5318.89949865938  8.711312E-18
5320.52700729682  8.100737E-18
5322.15451593426  6.996274E-18
5323.7820245717  5.800527E-18
5325.40953320914  8.102242E-18
5327.03704184658  7.849184E-18
5328.66455048402  7.625489E-18
5330.29205912146  6.984969E-18
5331.9195677589  6.712739E-18
5333.54707639634  6.607796E-18
5335.17458503378  8.154850E-18
5336.80209367123  7.086850E-18
5338.42960230866  3.811930E-18
5340.0571109461  6.958558E-18
5341.68461958354  6.032719E-18
5343.31212822099  7.377784E-18
5344.93963685843  9.547240E-18
5346.56714549587  7.346128E-18
5348.19465413331  5.427584E-18
5349.82216277075  6.946353E-18
5351.44967140819  6.558464E-18
5353.07718004563  7.559050E-18
5354.70468868307  7.280359E-18
5356.33219732051  8.209303E-18
5357.95970595795  7.218751E-18
5359.58721459539  7.513463E-18
5361.21472323283  6.416753E-18
5362.84223187027  5.590939E-18
5364.46974050771  6.433825E-18
5366.09724914515  8.372316E-18
5367.72475778259  8.452049E-18
5369.35226642003  6.962066E-18
5370.97977505747  7.285574E-18
5372.60728369491  6.414917E-18
5374.23479233235  5.369000E-18
5375.86230096979  8.300728E-18
5377.48980960723  8.021501E-18
5379.11731824467  8.718242E-18
5380.74482688211  7.757719E-18
5382.37233551955  7.639077E-18
5383.99984415699  6.911983E-18
5385.62735279443  6.721445E-18
5387.25486143187  6.263027E-18
5388.88237006931  6.392558E-18
5390.50987870675  6.815021E-18
5392.13738734419  7.738599E-18
5393.76489598163  8.143208E-18
5395.39240461908  9.465054E-18
5397.01991325652  6.381981E-18
5398.64742189395  6.239384E-18
5400.2749305314  6.770189E-18
5401.90243916884  7.400075E-18
5403.52994780628  6.949749E-18
5405.15745644372  6.185896E-18
5406.78496508116  7.041888E-18
5408.4124737186  7.318021E-18
5410.03998235604  7.512934E-18
5411.66749099348  8.718134E-18
5413.29499963092  8.261284E-18
5414.92250826836  7.971015E-18
5416.5500169058  7.504699E-18
5418.17752554324  7.313994E-18
5419.80503418068  8.051469E-18
5421.43254281812  7.856099E-18
5423.06005145556  8.720579E-18
5424.687560093  6.809245E-18
5426.31506873044  7.155066E-18
5427.94257736788  7.879751E-18
5429.57008600532  9.260576E-18
5431.19759464276  9.305372E-18
5432.8251032802  8.546380E-18
5434.45261191764  9.146507E-18
5436.08012055508  8.891079E-18
5437.70762919252  6.087092E-18
5439.33513782996  8.220473E-18
5440.9626464674  6.530107E-18
5442.59015510484  5.735052E-18
5444.21766374228  6.809789E-18
5445.84517237972  7.477715E-18
5447.47268101716  7.439566E-18
5449.1001896546  6.244259E-18
5450.72769829205  5.642338E-18
5452.35520692949  7.384332E-18
5453.98271556693  7.630106E-18
5455.61022420437  7.664430E-18
5457.23773284181  8.495890E-18
5458.86524147925  6.488568E-18
5460.49275011669  7.029355E-18
5462.12025875413  9.254494E-18
5463.74776739157  8.381771E-18
5465.37527602901  6.879932E-18
5467.00278466645  8.397648E-18
5468.63029330389  9.062433E-18
5470.25780194133  8.510380E-18
5471.88531057877  7.742037E-18
5473.51281921621  6.947090E-18
5475.14032785365  7.369461E-18
5476.76783649109  9.618420E-18
5478.39534512853  8.616185E-18
5480.02285376597  6.659331E-18
5481.65036240341  7.701764E-18
5483.27787104085  8.401460E-18
5484.90537967829  7.138023E-18
5486.53288831573  7.065915E-18
5488.16039695317  8.535307E-18
5489.78790559061  6.666507E-18
5491.41541422805  7.069081E-18
5493.04292286549  6.323601E-18
5494.67043150293  7.165044E-18
5496.29794014037  7.759815E-18
5497.92544877781  6.724217E-18
5499.55295741525  7.124536E-18
5501.1804660527  6.341693E-18
5502.80797469013  6.251903E-18
5504.43548332757  8.752932E-18
5506.06299196502  9.877793E-18
5507.69050060246  9.244140E-18
5509.3180092399  8.718129E-18
5510.94551787734  7.165852E-18
5512.57302651478  7.646117E-18
5514.20053515222  9.189206E-18
5515.82804378966  9.764476E-18
5517.4555524271  8.139628E-18
5519.08306106454  9.183991E-18
5520.71056970198  6.453829E-18
5522.33807833942  6.801251E-18
5523.96558697686  6.803257E-18
5525.5930956143  5.599929E-18
5527.22060425174  8.460880E-18
5528.84811288918  9.037260E-18
5530.47562152662  8.505102E-18
5532.10313016406  8.133774E-18
5533.7306388015  8.126916E-18
5535.35814743894  8.375011E-18
5536.98565607638  7.700598E-18
5538.61316471382  7.263856E-18
5540.24067335126  8.729788E-18
5541.8681819887  9.434543E-18
5543.49569062614  8.102458E-18
5545.12319926358  6.974810E-18
5546.75070790102  8.558633E-18
5548.37821653846  9.239298E-18
5550.0057251759  7.686310E-18
5551.63323381334  4.607803E-18
5553.26074245078  7.193029E-18
5554.88825108822  7.002880E-18
5556.51575972567  8.260348E-18
5558.14326836311  7.173449E-18
5559.77077700054  7.947466E-18
5561.39828563799  8.682034E-18
5563.02579427542  6.765300E-18
5564.65330291287  7.243438E-18
5566.28081155031  6.389000E-18
5567.90832018775  6.368448E-18
5569.53582882519  6.967208E-18
5571.16333746263  7.277620E-18
5572.79084610007  1.029444E-17
5574.41835473751  1.157873E-17
5576.04586337495  6.461198E-19
5577.67337201239  4.840772E-18
5579.30088064983  1.727759E-17
5580.92838928727  1.198958E-17
5582.55589792471  5.798291E-18
5584.18340656215  7.157415E-18
5585.81091519959  7.416032E-18
5587.43842383703  9.040423E-18
5589.06593247447  7.116149E-18
5590.69344111191  8.082152E-18
5592.32094974935  9.047858E-18
5593.94845838679  7.481663E-18
5595.57596702423  7.694155E-18
5597.20347566167  7.051970E-18
5598.83098429911  9.566288E-18
5600.45849293655  1.065244E-17
5602.08600157399  7.147572E-18
5603.71351021143  7.705034E-18
5605.34101884887  1.066830E-17
5606.96852748631  8.761070E-18
5608.59603612375  7.645659E-18
5610.22354476119  1.005004E-17
5611.85105339863  1.012527E-17
5613.47856203607  9.457173E-18
5615.10607067352  9.542019E-18
5616.73357931096  8.495437E-18
5618.3610879484  8.061415E-18
5619.98859658584  7.219501E-18
5621.61610522328  6.451575E-18
5623.24361386072  6.312232E-18
5624.87112249816  8.169800E-18
5626.4986311356  9.720073E-18
5628.12613977304  8.449702E-18
5629.75364841048  8.074959E-18
5631.38115704792  8.434370E-18
5633.00866568536  6.061498E-18
5634.6361743228  6.063492E-18
5636.26368296024  7.628751E-18
5637.89119159768  8.103477E-18
5639.51870023512  8.880223E-18
5641.14620887256  8.443295E-18
5642.77371751  7.331801E-18
5644.40122614744  7.698582E-18
5646.02873478488  8.132489E-18
5647.65624342232  8.431714E-18
5649.28375205976  7.582256E-18
5650.9112606972  7.531982E-18
5652.53876933464  9.170771E-18
5654.16627797208  9.382804E-18
5655.79378660952  7.750431E-18
5657.42129524696  5.370455E-18
5659.0488038844  7.893432E-18
5660.67631252184  1.004290E-17
5662.30382115928  1.016484E-17
5663.93132979672  9.026089E-18
5665.55883843417  8.710003E-18
5667.1863470716  9.494086E-18
5668.81385570905  7.881353E-18
5670.44136434649  8.166846E-18
5672.06887298393  7.378242E-18
5673.69638162137  9.931942E-18
5675.32389025881  9.584172E-18
5676.95139889625  1.059139E-17
5678.57890753369  8.793837E-18
5680.20641617113  9.142699E-18
5681.83392480857  7.894441E-18
5683.46143344601  8.315649E-18
5685.08894208345  8.382289E-18
5686.71645072089  8.503523E-18
5688.34395935833  8.841753E-18
5689.97146799577  8.446680E-18
5691.59897663321  8.668703E-18
5693.22648527065  9.335147E-18
5694.85399390809  9.283583E-18
5696.48150254553  8.473122E-18
5698.10901118297  7.970830E-18
5699.73651982041  9.623970E-18
5701.36402845785  8.939596E-18
5702.99153709529  7.317777E-18
5704.61904573273  1.006725E-17
5706.24655437017  1.014644E-17
5707.87406300761  1.051431E-17
5709.50157164505  9.265454E-18
5711.12908028249  8.968347E-18
5712.75658891993  1.034822E-17
5714.38409755737  8.395310E-18
5716.01160619481  9.927851E-18
5717.63911483225  8.158085E-18
5719.2666234697  9.700125E-18
5720.89413210714  1.164516E-17
5722.52164074458  8.522052E-18
5724.14914938202  8.157925E-18
5725.77665801946  7.586295E-18
5727.40416665689  7.893672E-18
5729.03167529434  7.789370E-18
5730.65918393178  8.693748E-18
5732.28669256922  9.171800E-18
5733.91420120666  1.056766E-17
5735.5417098441  7.865948E-18
5737.16921848154  8.675931E-18
5738.79672711898  9.939513E-18
5740.42423575642  8.960726E-18
5742.05174439386  7.888094E-18
5743.6792530313  9.686224E-18
5745.30676166874  1.015611E-17
5746.93427030618  1.013140E-17
5748.56177894362  9.543455E-18
5750.18928758106  9.678098E-18
5751.8167962185  9.329606E-18
5753.44430485594  1.006022E-17
5755.07181349338  9.391010E-18
5756.69932213082  7.983678E-18
5758.32683076826  9.124188E-18
5759.9543394057  8.676158E-18
5761.58184804314  9.358211E-18
5763.20935668058  8.371409E-18
5764.83686531802  8.349428E-18
5766.46437395546  9.661513E-18
5768.0918825929  1.138883E-17
5769.71939123034  7.247218E-18
5771.34689986778  1.044773E-17
5772.97440850523  1.231356E-17
5774.60191714267  9.549618E-18
5776.2294257801  8.540120E-18
5777.85693441755  9.658201E-18
5779.48444305499  1.000565E-17
5781.11195169243  8.374547E-18
5782.73946032987  9.740874E-18
5784.36696896731  1.025383E-17
5785.99447760475  1.020713E-17
5787.62198624219  9.011057E-18
5789.24949487963  8.910685E-18
5790.87700351707  1.016048E-17
5792.50451215451  9.817008E-18
5794.13202079195  1.059301E-17
5795.75952942939  1.018449E-17
5797.38703806683  7.534808E-18
5799.01454670427  1.049365E-17
5800.64205534171  8.587882E-18
5802.26956397915  8.843883E-18
5803.89707261659  9.121067E-18
5805.52458125403  1.044318E-17
5807.15208989147  8.985063E-18
5808.77959852891  9.358178E-18
5810.40710716635  9.517899E-18
5812.03461580379  1.072309E-17
5813.66212444123  8.390720E-18
5815.28963307867  1.006468E-17
5816.91714171611  1.096635E-17
5818.54465035355  9.996874E-18
5820.17215899099  1.053841E-17
5821.79966762843  9.811021E-18
5823.42717626587  8.377320E-18
5825.05468490332  6.116616E-18
5826.68219354076  6.955965E-18
5828.3097021782  1.026724E-17
5829.93721081564  1.166957E-17
5831.56471945308  9.450854E-18
5833.19222809052  8.868641E-18
5834.81973672796  1.047005E-17
5836.4472453654  8.849094E-18
5838.07475400284  9.066042E-18
5839.70226264028  8.506414E-18
5841.32977127772  8.119832E-18
5842.95727991516  9.939378E-18
5844.5847885526  9.574152E-18
5846.21229719004  1.138862E-17
5847.83980582748  1.187978E-17
5849.46731446492  1.055887E-17
5851.09482310236  1.079848E-17
5852.7223317398  9.931653E-18
5854.34984037724  1.021257E-17
5855.97734901468  1.054278E-17
5857.60485765212  9.827434E-18
5859.23236628956  9.739469E-18
5860.859874927  8.880504E-18
5862.48738356444  9.026221E-18
5864.11489220188  1.084041E-17
5865.74240083932  1.000690E-17
5867.36990947676  8.958370E-18
5868.9974181142  9.683442E-18
5870.62492675164  8.696874E-18
5872.25243538908  8.848966E-18
5873.87994402652  9.346772E-18
5875.50745266396  9.264396E-18
5877.1349613014  1.013402E-17
5878.76246993884  1.164746E-17
5880.38997857628  8.349745E-18
5882.01748721373  7.660498E-18
5883.64499585117  8.148082E-18
5885.27250448861  1.154534E-17
5886.90001312605  9.998589E-18
5888.52752176349  9.219228E-18
5890.15503040093  1.127621E-17
5891.78253903837  7.407440E-18
5893.41004767581  7.612063E-18
5895.03755631325  9.509034E-18
5896.66506495069  1.020498E-17
5898.29257358813  1.027645E-17
5899.92008222557  1.015282E-17
5901.54759086301  9.846711E-18
5903.17509950045  7.568777E-18
5904.80260813789  8.501856E-18
5906.43011677533  1.056261E-17
5908.05762541277  1.049242E-17
5909.68513405021  1.008694E-17
5911.31264268765  1.227449E-17
5912.94015132509  1.210808E-17
5914.56765996253  1.119606E-17
5916.19516859997  1.140318E-17
5917.82267723741  1.143233E-17
5919.45018587485  1.066998E-17
5921.07769451229  8.802688E-18
5922.70520314973  9.139670E-18
5924.33271178717  1.020852E-17
5925.96022042461  1.071948E-17
5927.58772906205  1.100924E-17
5929.21523769949  1.203038E-17
5930.84274633693  1.175721E-17
5932.47025497437  9.785217E-18
5934.09776361182  9.187391E-18
5935.72527224926  9.985942E-18
5937.35278088669  8.873748E-18
5938.98028952414  9.762434E-18
5940.60779816158  1.039158E-17
5942.23530679902  9.955548E-18
5943.86281543646  9.895676E-18
5945.4903240739  9.850116E-18
5947.11783271134  1.004550E-17
5948.74534134878  8.543106E-18
5950.37284998622  8.216089E-18
5952.00035862366  1.140147E-17
5953.6278672611  1.079157E-17
5955.25537589854  1.033183E-17
5956.88288453598  1.111129E-17
5958.51039317342  9.823790E-18
5960.13790181086  1.080661E-17
5961.7654104483  1.194090E-17
5963.39291908574  8.779094E-18
5965.02042772318  9.865742E-18
5966.64793636062  1.028212E-17
5968.27544499806  9.380937E-18
5969.9029536355  1.080912E-17
5971.53046227294  1.026369E-17
5973.15797091038  9.525381E-18
5974.78547954782  9.967507E-18
5976.41298818526  1.129843E-17
5978.0404968227  1.037113E-17
5979.66800546014  9.135400E-18
5981.29551409758  1.247083E-17
5982.92302273502  1.022975E-17
5984.55053137246  9.473020E-18
5986.1780400099  8.768776E-18
5987.80554864735  9.155327E-18
5989.43305728479  9.952149E-18
5991.06056592222  9.968357E-18
5992.68807455967  9.765836E-18
5994.31558319711  1.019422E-17
5995.94309183455  1.040955E-17
5997.57060047199  1.304560E-17
5999.19810910943  1.099708E-17
6000.82561774687  1.033284E-17
6002.45312638431  1.033304E-17
6004.08063502175  9.981596E-18
6005.70814365919  9.581595E-18
6007.33565229663  1.083086E-17
6008.96316093407  1.101987E-17
6010.59066957151  8.952058E-18
6012.21817820895  1.033292E-17
6013.84568684639  1.097181E-17
6015.47319548383  9.474314E-18
6017.10070412127  1.049233E-17
6018.72821275871  1.007085E-17
6020.35572139615  1.055682E-17
6021.98323003359  1.067364E-17
6023.61073867103  1.015832E-17
6025.23824730847  1.046189E-17
6026.86575594591  1.116970E-17
6028.49326458335  1.127396E-17
6030.12077322079  1.135303E-17
6031.74828185823  1.058295E-17
6033.37579049567  9.953325E-18
6035.00329913311  1.073967E-17
6036.63080777056  1.125321E-17
6038.25831640799  1.048720E-17
6039.88582504543  9.723975E-18
6041.51333368287  9.437844E-18
6043.14084232032  1.049089E-17
6044.76835095776  1.027432E-17
6046.3958595952  1.051941E-17
6048.02336823264  9.576691E-18
6049.65087687008  9.581827E-18
6051.27838550752  1.072817E-17
6052.90589414496  1.134800E-17
6054.5334027824  1.085680E-17
6056.16091141984  9.910420E-18
6057.78842005728  1.115266E-17
6059.41592869472  1.151235E-17
6061.04343733216  1.085860E-17
6062.6709459696  1.190863E-17
6064.29845460704  1.253710E-17
6065.92596324448  1.321555E-17
6067.55347188192  1.041033E-17
6069.18098051936  9.870625E-18
6070.8084891568  1.219237E-17
6072.43599779424  1.064644E-17
6074.06350643168  1.078576E-17
6075.69101506912  1.196153E-17
6077.31852370656  1.122264E-17
6078.946032344  1.011015E-17
6080.57354098144  1.075571E-17
6082.20104961888  1.051209E-17
6083.82855825632  1.042716E-17
6085.45606689376  1.130029E-17
6087.0835755312  1.130089E-17
6088.71108416864  1.011397E-17
6090.33859280608  1.079302E-17
6091.96610144352  1.150696E-17
6093.59361008096  1.125680E-17
6095.2211187184  1.031472E-17
6096.84862735585  1.052821E-17
6098.47613599329  1.059445E-17
6100.10364463073  1.228989E-17
6101.73115326817  1.268277E-17
6103.35866190561  1.148357E-17
6104.98617054305  1.159988E-17
6106.61367918049  1.245011E-17
6108.24118781793  1.195717E-17
6109.86869645537  1.033552E-17
6111.49620509281  1.045645E-17
6113.12371373025  1.183044E-17
6114.75122236769  1.182261E-17
6116.37873100513  1.181714E-17
6118.00623964257  1.045169E-17
6119.63374828001  1.089152E-17
6121.26125691745  1.157343E-17
6122.88876555489  1.151999E-17
6124.51627419233  1.073982E-17
6126.14378282977  1.126113E-17
6127.77129146721  1.166093E-17
6129.39880010465  1.154302E-17
6131.02630874209  1.222588E-17
6132.65381737953  1.129658E-17
6134.28132601697  1.024055E-17
6135.90883465441  1.006280E-17
6137.53634329185  1.072888E-17
6139.16385192929  1.190563E-17
6140.79136056673  1.108047E-17
6142.41886920417  1.190906E-17
6144.04637784161  1.256014E-17
6145.67388647905  1.317836E-17
6147.3013951165  1.263482E-17
6148.92890375393  1.242734E-17
6150.55641239138  1.230933E-17
6152.18392102882  1.095033E-17
6153.81142966626  1.179959E-17
6155.43893830369  1.249824E-17
6157.06644694114  1.286490E-17
6158.69395557858  1.230736E-17
6160.32146421602  1.028617E-17
6161.94897285346  1.282338E-17
6163.5764814909  1.315449E-17
6165.20399012834  1.155226E-17
6166.83149876578  1.227215E-17
6168.45900740322  1.121189E-17
6170.08651604066  1.157830E-17
6171.7140246781  1.310325E-17
6173.34153331554  1.074561E-17
6174.96904195298  1.158387E-17
6176.59655059042  1.125917E-17
6178.22405922786  1.148371E-17
6179.8515678653  1.256835E-17
6181.47907650274  1.127413E-17
6183.10658514018  1.192004E-17
6184.73409377762  1.076607E-17
6186.36160241506  1.215838E-17
6187.9891110525  1.301612E-17
6189.61661968994  1.287765E-17
6191.24412832738  1.263560E-17
6192.87163696482  1.189489E-17
6194.49914560226  1.201898E-17
6196.1266542397  1.202400E-17
6197.75416287714  1.188383E-17
6199.38167151459  1.172577E-17
6201.00918015202  1.265695E-17
6202.63668878946  1.239437E-17
6204.2641974269  1.114078E-17
6205.89170606435  1.237113E-17
6207.51921470179  1.327792E-17
6209.14672333923  1.278027E-17
6210.77423197667  1.241045E-17
6212.40174061411  1.103383E-17
6214.02924925155  1.232964E-17
6215.65675788899  1.390880E-17
6217.28426652643  1.193797E-17
6218.91177516387  1.062014E-17
6220.53928380131  1.150350E-17
6222.16679243875  1.233275E-17
6223.79430107619  1.275722E-17
6225.42180971363  1.260101E-17
6227.04931835107  1.154133E-17
6228.67682698851  1.216496E-17
6230.30433562595  1.175488E-17
6231.93184426339  1.147650E-17
6233.55935290083  1.242136E-17
6235.18686153827  1.260862E-17
6236.81437017571  1.252804E-17
6238.44187881315  1.283987E-17
6240.06938745059  1.298299E-17
6241.69689608803  1.332090E-17
6243.32440472547  1.289455E-17
6244.95191336291  1.101794E-17
6246.57942200035  1.209513E-17
6248.20693063779  1.240777E-17
6249.83443927523  1.256016E-17
6251.46194791267  1.267699E-17
6253.08945655011  1.376624E-17
6254.71696518755  1.292378E-17
6256.344473825  1.167328E-17
6257.97198246243  1.206542E-17
6259.59949109987  1.222883E-17
6261.22699973732  1.334530E-17
6262.85450837476  1.157161E-17
6264.4820170122  1.096855E-17
6266.10952564964  1.280318E-17
6267.73703428708  1.227055E-17
6269.36454292452  1.161977E-17
6270.99205156196  1.236964E-17
6272.6195601994  1.371594E-17
6274.24706883684  1.235841E-17
6275.87457747428  1.061216E-17
6277.50208611172  1.126646E-17
6279.12959474916  1.062486E-17
6280.7571033866  1.049020E-17
6282.38461202404  1.440446E-17
6284.01212066148  1.455421E-17
6285.63962929892  1.206442E-17
6287.26713793636  1.251726E-17
6288.8946465738  1.137413E-17
6290.52215521124  1.143737E-17
6292.14966384868  1.335417E-17
6293.77717248612  1.171064E-17
6295.40468112356  1.761793E-17
6297.032189761  1.956892E-17
6298.65969839844  1.802961E-17
6300.28720703588  1.405268E-17
6301.91471567332  1.519861E-17
6303.54222431076  1.518922E-17
6305.1697329482  1.367318E-17
6306.79724158564  1.253299E-17
6308.42475022308  1.130497E-17
6310.05225886053  1.364602E-17
6311.67976749797  1.272092E-17
6313.30727613541  1.047317E-17
6314.93478477285  1.072086E-17
6316.56229341029  1.203588E-17
6318.18980204772  1.273406E-17
6319.81731068517  1.088319E-17
6321.44481932261  1.151949E-17
6323.07232796005  1.177988E-17
6324.69983659749  1.161542E-17
6326.32734523493  1.201521E-17
6327.95485387237  1.170512E-17
6329.58236250981  1.219997E-17
6331.20987114725  1.319742E-17
6332.83737978469  1.326015E-17
6334.46488842213  1.250794E-17
6336.09239705957  1.206890E-17
6337.71990569701  1.196420E-17
6339.34741433445  1.173706E-17
6340.97492297189  1.261294E-17
6342.60243160933  1.129988E-17
6344.22994024677  1.301919E-17
6345.85744888421  1.318346E-17
6347.48495752165  1.206096E-17
6349.11246615909  1.105358E-17
6350.73997479653  1.264714E-17
6352.36748343397  1.255649E-17
6353.99499207141  1.184721E-17
6355.62250070885  1.227645E-17
6357.25000934629  1.249551E-17
6358.87751798373  1.362925E-17
6360.50502662118  1.230742E-17
6362.13253525861  1.395404E-17
6363.76004389606  1.457880E-17
6365.38755253349  1.389359E-17
6367.01506117093  1.386858E-17
6368.64256980837  1.290799E-17
6370.27007844582  1.198593E-17
6371.89758708326  1.303410E-17
6373.5250957207  1.377588E-17
6375.15260435814  1.364085E-17
6376.78011299558  1.281229E-17
6378.40762163302  1.084483E-17
6380.03513027046  1.217067E-17
6381.6626389079  1.451953E-17
6383.29014754534  1.496348E-17
6384.91765618278  1.302731E-17
6386.54516482022  1.275195E-17
6388.17267345766  1.363956E-17
6389.8001820951  1.341015E-17
6391.42769073254  1.397846E-17
6393.05519936998  1.525510E-17
6394.68270800742  1.363118E-17
6396.31021664486  1.316966E-17
6397.9377252823  1.321072E-17
6399.56523391974  1.330138E-17
6401.19274255718  1.332321E-17
6402.82025119462  1.177404E-17
6404.44775983206  1.224205E-17
6406.0752684695  1.283483E-17
6407.70277710694  1.328422E-17
6409.33028574438  1.312276E-17
6410.95779438182  1.114654E-17
6412.58530301926  1.245106E-17
6414.2128116567  1.415216E-17
6415.84032029414  1.217655E-17
6417.46782893158  1.315274E-17
6419.09533756902  1.196903E-17
6420.72284620646  1.289150E-17
6422.3503548439  1.275242E-17
6423.97786348135  1.339747E-17
6425.60537211879  1.296727E-17
6427.23288075623  1.203201E-17
6428.86038939367  1.313000E-17
6430.48789803111  1.312603E-17
6432.11540666855  1.245247E-17
6433.74291530599  1.278780E-17
6435.37042394343  1.376372E-17
6436.99793258087  1.311336E-17
6438.62544121831  1.190334E-17
6440.25294985575  1.398772E-17
6441.88045849319  1.447484E-17
6443.50796713063  1.360961E-17
6445.13547576807  1.481442E-17
6446.76298440551  1.235314E-17
6448.39049304295  1.286775E-17
6450.01800168039  1.257440E-17
6451.64551031783  1.232813E-17
6453.27301895527  1.351328E-17
6454.90052759271  1.431949E-17
6456.52803623015  1.313605E-17
6458.15554486759  1.267325E-17
6459.78305350503  1.287917E-17
6461.41056214247  1.229298E-17
6463.03807077991  1.282159E-17
6464.66557941736  1.291881E-17
6466.29308805479  1.346569E-17
6467.92059669223  1.376037E-17
6469.54810532967  1.387834E-17
6471.17561396711  1.296541E-17
6472.80312260456  1.357477E-17
6474.430631242  1.237824E-17
6476.05813987944  1.327492E-17
6477.68564851688  1.220884E-17
6479.31315715432  1.308966E-17
6480.94066579176  1.300717E-17
6482.5681744292  1.271476E-17
6484.19568306664  1.140568E-17
6485.82319170408  1.215256E-17
6487.45070034152  1.265855E-17
6489.07820897896  1.288309E-17
6490.7057176164  1.106838E-17
6492.33322625384  1.319571E-17
6493.96073489128  1.495014E-17
6495.58824352872  1.432768E-17
6497.21575216616  1.340136E-17
6498.8432608036  1.282034E-17
6500.47076944104  1.294884E-17
6502.09827807848  1.319062E-17
6503.72578671592  1.269570E-17
6505.35329535336  1.362989E-17
6506.9808039908  1.160412E-17
6508.60831262824  1.347517E-17
6510.23582126568  1.462673E-17
6511.86332990312  1.349352E-17
6513.49083854056  1.290275E-17
6515.118347178  1.260132E-17
6516.74585581544  1.357021E-17
6518.37336445288  1.267656E-17
6520.00087309032  1.240437E-17
6521.62838172776  1.347708E-17
6523.2558903652  1.251719E-17
6524.88339900265  1.342086E-17
6526.51090764008  1.281131E-17
6528.13841627753  1.246271E-17
6529.76592491496  1.423869E-17
6531.39343355241  1.107124E-17
6533.02094218985  1.235961E-17
6534.64845082729  1.488174E-17
6536.27595946473  1.247961E-17
6537.90346810217  1.228851E-17
6539.53097673961  1.339087E-17
6541.15848537705  1.476366E-17
6542.78599401449  1.393268E-17
6544.41350265193  1.358429E-17
6546.04101128937  1.212917E-17
6547.66851992681  1.193440E-17
6549.29602856425  1.169621E-17
6550.92353720169  1.347261E-17
6552.55104583913  1.362046E-17
6554.17855447657  1.552533E-17
6555.80606311401  1.359718E-17
6557.43357175145  1.298319E-17
6559.06108038889  1.389384E-17
6560.68858902633  1.495101E-17
6562.31609766377  1.417784E-17
6563.94360630121  1.468166E-17
6565.57111493865  1.377171E-17
6567.19862357609  1.279001E-17
6568.82613221353  1.347860E-17
6570.45364085097  1.351433E-17
6572.08114948841  1.353199E-17
6573.70865812585  1.379391E-17
6575.33616676329  1.411981E-17
6576.96367540073  1.347496E-17
6578.59118403817  1.371159E-17
6580.21869267562  1.381432E-17
6581.84620131305  1.393769E-17
6583.47370995049  1.369114E-17
6585.10121858794  1.384867E-17
6586.72872722538  1.371611E-17
6588.35623586282  1.320996E-17
6589.98374450026  1.449260E-17
6591.6112531377  1.436467E-17
6593.23876177514  1.320896E-17
6594.86627041258  1.377259E-17
6596.49377905002  1.400835E-17
6598.12128768746  1.414834E-17
6599.7487963249  1.422963E-17
6601.37630496234  1.457451E-17
6603.00381359978  1.378692E-17
6604.63132223722  1.434530E-17
6606.25883087466  1.301202E-17
6607.8863395121  1.453307E-17
6609.51384814954  1.489271E-17
6611.14135678698  1.500573E-17
6612.76886542442  1.438924E-17
6614.39637406186  1.487662E-17
6616.0238826993  1.486071E-17
6617.65139133674  1.211878E-17
6619.27889997418  1.287167E-17
6620.90640861162  1.342997E-17
6622.53391724906  1.429723E-17
6624.1614258865  1.460563E-17
6625.78893452394  1.513056E-17
6627.41644316138  1.462486E-17
6629.04395179882  1.285721E-17
6630.67146043626  1.381856E-17
6632.2989690737  1.371300E-17
6633.92647771114  1.388884E-17
6635.55398634859  1.463799E-17
6637.18149498603  1.347490E-17
6638.80900362347  1.356411E-17
6640.43651226091  1.449661E-17
6642.06402089835  1.537761E-17
6643.69152953579  1.336910E-17
6645.31903817323  1.496038E-17
6646.94654681067  1.418187E-17
6648.57405544811  1.335921E-17
6650.20156408555  1.442933E-17
6651.82907272299  1.405521E-17
6653.45658136043  1.404033E-17
6655.08408999787  1.400933E-17
6656.71159863531  1.433520E-17
6658.33910727275  1.391718E-17
6659.96661591019  1.351974E-17
6661.59412454763  1.410559E-17
6663.22163318507  1.488033E-17
6664.84914182251  1.516778E-17
6666.47665045995  1.339997E-17
6668.10415909739  1.409840E-17
6669.73166773483  1.398128E-17
6671.35917637227  1.475730E-17
6672.98668500971  1.480990E-17
6674.61419364715  1.416053E-17
6676.24170228459  1.482441E-17
6677.86921092203  1.462923E-17
6679.49671955947  1.484745E-17
6681.12422819691  1.452604E-17
6682.75173683435  1.468303E-17
6684.3792454718  1.504755E-17
6686.00675410923  1.386246E-17
6687.63426274668  1.332975E-17
6689.26177138412  1.388991E-17
6690.88928002155  1.345775E-17
6692.51678865899  1.505027E-17
6694.14429729644  1.384766E-17
6695.77180593388  1.465535E-17
6697.39931457132  1.407933E-17
6699.02682320876  1.497456E-17
6700.6543318462  1.482310E-17
6702.28184048364  1.384611E-17
6703.90934912108  1.483874E-17
6705.53685775852  1.434100E-17
6707.16436639596  1.369638E-17
6708.7918750334  1.448045E-17
6710.41938367084  1.359020E-17
6712.04689230828  1.417114E-17
6713.67440094572  1.480305E-17
6715.30190958316  1.413505E-17
6716.9294182206  1.544014E-17
6718.55692685804  1.496599E-17
6720.18443549548  1.436310E-17
6721.81194413292  1.442339E-17
6723.43945277036  1.399953E-17
6725.0669614078  1.445869E-17
6726.69447004524  1.517477E-17
6728.32197868268  1.370457E-17
6729.94948732012  1.418100E-17
6731.57699595756  1.409310E-17
6733.204504595  1.432746E-17
6734.83201323244  1.436591E-17
6736.45952186988  1.431361E-17
6738.08703050733  1.377550E-17
6739.71453914476  1.512281E-17
6741.3420477822  1.600960E-17
6742.96955641965  1.555515E-17
6744.59706505708  1.559742E-17
6746.22457369452  1.545363E-17
6747.85208233197  1.524639E-17
6749.47959096941  1.516059E-17
6751.10709960685  1.496863E-17
6752.73460824429  1.346993E-17
6754.36211688173  1.316200E-17
6755.98962551917  1.418875E-17
6757.61713415661  1.524950E-17
6759.24464279405  1.530578E-17
6760.87215143149  1.441060E-17
6762.49966006893  1.460146E-17
6764.12716870637  1.469105E-17
6765.75467734381  1.389051E-17
6767.38218598125  1.503475E-17
6769.00969461869  1.425779E-17
6770.63720325613  1.459126E-17
6772.26471189357  1.593527E-17
6773.89222053101  1.446637E-17
6775.51972916845  1.364978E-17
6777.14723780589  1.418447E-17
6778.77474644333  1.585602E-17
6780.40225508077  1.529202E-17
6782.02976371821  1.497322E-17
6783.65727235565  1.599096E-17
6785.28478099309  1.509885E-17
6786.91228963053  1.484720E-17
6788.53979826797  1.464208E-17
6790.16730690541  1.466541E-17
6791.79481554286  1.584377E-17
6793.42232418029  1.484071E-17
6795.04983281773  1.176148E-17
6796.67734145517  1.173327E-17
6798.30485009262  1.433736E-17
6799.93235873006  1.566091E-17
6801.5598673675  1.459079E-17
6803.18737600494  1.438587E-17
6804.81488464238  1.604370E-17
6806.44239327982  1.535767E-17
6808.06990191726  1.544383E-17
6809.6974105547  1.535528E-17
6811.32491919214  1.532202E-17
6812.95242782958  1.546342E-17
6814.57993646702  1.592155E-17
6816.20744510446  1.692684E-17
6817.8349537419  1.699264E-17
6819.46246237934  1.532430E-17
6821.08997101678  1.631742E-17
6822.71747965422  1.667860E-17
6824.34498829166  1.593912E-17
6825.9724969291  1.531391E-17
6827.60000556654  1.601200E-17
6829.22751420398  1.589668E-17
6830.85502284142  1.460336E-17
6832.48253147886  1.485185E-17
6834.1100401163  1.526596E-17
6835.73754875374  1.683394E-17
6837.36505739118  1.615321E-17
6838.99256602862  1.609229E-17
6840.62007466606  1.487601E-17
6842.2475833035  1.559412E-17
6843.87509194094  1.608974E-17
6845.50260057838  1.476275E-17
6847.13010921583  1.334473E-17
6848.75761785326  1.422259E-17
6850.38512649071  1.609444E-17
6852.01263512815  1.619305E-17
6853.64014376559  1.606194E-17
6855.26765240302  1.627841E-17
6856.89516104047  1.648273E-17
6858.52266967791  1.484412E-17
6860.15017831535  1.407165E-17
6861.77768695279  1.408814E-17
6863.40519559023  1.390024E-17
6865.03270422767  1.642802E-17
6866.66021286511  1.318460E-17
6868.28772150255  1.029142E-17
6869.91523013999  1.202430E-17
6871.54273877743  1.152508E-17
6873.17024741487  1.034646E-17
6874.79775605231  1.118191E-17
6876.42526468975  1.340214E-17
6878.05277332719  1.451720E-17
6879.68028196463  1.459797E-17
6881.30779060207  1.486004E-17
6882.93529923951  1.440900E-17
6884.56280787695  1.372211E-17
6886.19031651439  1.419218E-17
6887.81782515183  1.285300E-17
6889.44533378927  1.373560E-17
6891.07284242671  1.344493E-17
6892.70035106415  1.360125E-17
6894.32785970159  1.306016E-17
6895.95536833903  1.419087E-17
6897.58287697647  1.363489E-17
6899.21038561391  1.513324E-17
6900.83789425135  1.516382E-17
6902.4654028888  1.532496E-17
6904.09291152623  1.468489E-17
6905.72042016368  1.443589E-17
6907.34792880112  1.550499E-17
6908.97543743855  1.571929E-17
6910.602946076  1.468690E-17
6912.23045471344  1.545884E-17
6913.85796335088  1.607552E-17
6915.48547198832  1.546962E-17
6917.11298062576  1.627131E-17
6918.7404892632  1.624536E-17
6920.36799790064  1.511148E-17
6921.99550653808  1.646549E-17
6923.62301517552  1.644037E-17
6925.25052381296  1.482176E-17
6926.8780324504  1.546007E-17
6928.50554108784  1.621569E-17
6930.13304972528  1.596549E-17
6931.76055836272  1.594111E-17
6933.38806700016  1.596013E-17
6935.0155756376  1.971241E-17
6936.64308427504  2.038533E-17
6938.27059291248  1.666346E-17
6939.89810154992  1.649609E-17
6941.52561018736  1.601668E-17
6943.1531188248  1.634875E-17
6944.78062746224  1.715668E-17
6946.40813609968  1.728842E-17
6948.03564473712  1.820585E-17
6949.66315337456  1.658198E-17
6951.290662012  1.608248E-17
6952.91817064944  1.708044E-17
6954.54567928688  1.632474E-17
6956.17318792432  1.581836E-17
6957.80069656176  1.587568E-17
6959.42820519921  1.551699E-17
6961.05571383665  1.660360E-17
6962.68322247409  1.644829E-17
6964.31073111153  1.663841E-17
6965.93823974897  1.696863E-17
6967.56574838641  1.589253E-17
6969.19325702385  1.606261E-17
6970.82076566129  1.742946E-17
6972.44827429873  1.832883E-17
6974.07578293617  1.780912E-17
6975.70329157361  1.766517E-17
6977.33080021105  1.828260E-17
6978.95830884849  1.714107E-17
6980.58581748593  1.730118E-17
6982.21332612337  1.794141E-17
6983.84083476081  1.742051E-17
6985.46834339825  1.565919E-17
6987.09585203569  1.726491E-17
6988.72336067313  1.760199E-17
6990.35086931057  1.702110E-17
6991.97837794801  1.726823E-17
6993.60588658545  1.809895E-17
6995.23339522289  1.749941E-17
6996.86090386033  1.683618E-17
6998.48841249777  1.737535E-17
7000.11592113521  1.787286E-17
7001.74342977265  1.809991E-17
7003.37093841009  1.755513E-17
7004.99844704753  1.750009E-17
7006.62595568497  1.843960E-17
7008.25346432241  1.837368E-17
7009.88097295986  1.741966E-17
7011.5084815973  1.826766E-17
7013.13599023474  1.847248E-17
7014.76349887218  1.817405E-17
7016.39100750962  1.876830E-17
7018.01851614706  1.779377E-17
7019.6460247845  1.764445E-17
7021.27353342194  1.747623E-17
7022.90104205938  1.650516E-17
7024.52855069682  1.668006E-17
7026.15605933426  1.706103E-17
7027.7835679717  1.820070E-17
7029.41107660914  1.810685E-17
7031.03858524658  1.786273E-17
7032.66609388402  1.829776E-17
7034.29360252146  1.789998E-17
7035.9211111589  1.819185E-17
7037.54861979634  1.833928E-17
7039.17612843378  1.745623E-17
7040.80363707122  1.816102E-17
7042.43114570866  1.901332E-17
7044.0586543461  1.764066E-17
7045.68616298354  1.732431E-17
7047.31367162098  1.979611E-17
7048.94118025842  2.030779E-17
7050.56868889586  1.719853E-17
7052.1961975333  1.785346E-17
7053.82370617074  1.931224E-17
7055.45121480818  1.753097E-17
7057.07872344562  1.847868E-17
7058.70623208306  1.908514E-17
7060.3337407205  1.770054E-17
7061.96124935794  1.775637E-17
7063.58875799539  1.851916E-17
7065.21626663282  1.867976E-17
7066.84377527027  1.917876E-17
7068.4712839077  1.890910E-17
7070.09879254515  1.860708E-17
7071.72630118258  1.823544E-17
7073.35380982003  1.770581E-17
7074.98131845747  1.898394E-17
7076.60882709491  1.850310E-17
7078.23633573235  1.911959E-17
7079.86384436979  1.912827E-17
7081.49135300723  1.871822E-17
7083.11886164467  1.889763E-17
7084.74637028211  1.841365E-17
7086.37387891955  1.874808E-17
7088.00138755699  1.891452E-17
7089.62889619443  1.869911E-17
7091.25640483187  1.955025E-17
7092.88391346931  2.046027E-17
7094.51142210675  1.849733E-17
7096.13893074419  1.898532E-17
7097.76643938163  1.875706E-17
7099.39394801907  1.768390E-17
7101.02145665651  1.805394E-17
7102.64896529395  1.994128E-17
7104.27647393139  1.889776E-17
7105.90398256883  1.953503E-17
7107.53149120627  1.877860E-17
7109.15899984371  1.905730E-17
7110.78650848115  1.878630E-17
7112.41401711859  1.849936E-17
7114.04152575603  1.935822E-17
7115.66903439348  1.858516E-17
7117.29654303091  1.833314E-17
7118.92405166836  1.929625E-17
7120.55156030579  2.038235E-17
7122.17906894324  1.896922E-17
7123.80657758068  1.845874E-17
7125.43408621812  2.055101E-17
7127.06159485556  1.877696E-17
7128.689103493  1.820602E-17
7130.31661213044  1.917488E-17
7131.94412076788  1.946047E-17
7133.57162940532  1.923344E-17
7135.19913804276  1.963241E-17
7136.8266466802  1.894260E-17
7138.45415531764  1.945387E-17
7140.08166395508  1.908218E-17
7141.70917259252  1.803886E-17
7143.33668122996  1.911767E-17
7144.9641898674  1.922140E-17
7146.59169850484  1.834901E-17
7148.21920714228  1.980871E-17
7149.84671577972  1.956813E-17
7151.47422441716  1.878871E-17
7153.1017330546  1.821716E-17
7154.72924169204  1.908895E-17
7156.35675032948  2.033666E-17
7157.98425896692  2.021550E-17
7159.61176760436  1.926096E-17
7161.2392762418  1.945242E-17
7162.86678487924  1.943750E-17
7164.49429351668  2.012412E-17
7166.12180215412  2.004131E-17
7167.74931079156  1.829872E-17
7169.376819429  1.829023E-17
7171.00432806645  1.917890E-17
7172.63183670388  1.859386E-17
7174.25934534133  1.735450E-17
7175.88685397877  1.803411E-17
7177.51436261621  1.884639E-17
7179.14187125365  1.937696E-17
7180.76937989109  2.003324E-17
7182.39688852853  1.837773E-17
7184.02439716597  1.742179E-17
7185.65190580341  1.804107E-17
7187.27941444085  1.885930E-17
7188.90692307829  1.911874E-17
7190.53443171573  1.862122E-17
7192.16194035317  1.924828E-17
7193.78944899061  1.870034E-17
7195.41695762805  1.826888E-17
7197.04446626549  1.957247E-17
7198.67197490293  1.882817E-17
7200.29948354037  1.853272E-17
7201.92699217781  1.756353E-17
7203.55450081525  1.962161E-17
7205.18200945269  1.920823E-17
7206.80951809013  1.824419E-17
7208.43702672757  1.819119E-17
7210.06453536501  1.806716E-17
7211.69204400245  1.911274E-17
7213.31955263989  1.907850E-17
7214.94706127733  1.875335E-17
7216.57456991477  1.922541E-17
7218.20207855221  1.956694E-17
7219.82958718965  1.905529E-17
7221.45709582709  1.980314E-17
7223.08460446453  1.865349E-17
7224.71211310197  1.939186E-17
7226.33962173942  1.927896E-17
7227.96713037685  1.839488E-17
7229.59463901429  1.932444E-17
7231.22214765174  1.912071E-17
7232.84965628918  1.870044E-17
7234.47716492662  1.904962E-17
7236.10467356406  1.941938E-17
7237.7321822015  1.801850E-17
7239.35969083894  1.743891E-17
7240.98719947638  1.899046E-17
7242.61470811382  1.987047E-17
7244.24221675126  2.122394E-17
7245.8697253887  1.859195E-17
7247.49723402614  2.045133E-17
7249.12474266358  1.967545E-17
7250.75225130102  1.765148E-17
7252.37975993846  1.818282E-17
7254.0072685759  1.867868E-17
7255.63477721334  1.907188E-17
7257.26228585078  1.827336E-17
7258.88979448822  1.815762E-17
7260.51730312566  1.935443E-17
7262.1448117631  1.988248E-17
7263.77232040054  1.839515E-17
7265.39982903798  1.847225E-17
7267.02733767542  2.023744E-17
7268.65484631286  1.930335E-17
7270.2823549503  1.860165E-17
7271.90986358774  2.046513E-17
7273.53737222518  2.042620E-17
7275.16488086262  1.908570E-17
7276.79238950006  2.023112E-17
7278.41989813751  2.036725E-17
7280.04740677494  1.886810E-17
7281.67491541238  1.839566E-17
7283.30242404982  1.982031E-17
7284.92993268727  2.050217E-17
7286.55744132471  2.044966E-17
7288.18494996215  1.952650E-17
7289.81245859959  1.892611E-17
7291.43996723703  1.971181E-17
7293.06747587447  1.874305E-17
7294.69498451191  1.933859E-17
7296.32249314935  2.001250E-17
7297.95000178679  1.889577E-17
7299.57751042423  1.918538E-17
7301.20501906167  1.966926E-17
7302.83252769911  1.940677E-17
7304.46003633655  1.788030E-17
7306.08754497399  1.858710E-17
7307.71505361143  2.148127E-17
7309.34256224887  2.003460E-17
7310.97007088631  1.864733E-17
7312.59757952375  2.077521E-17
7314.22508816119  1.932722E-17
7315.85259679863  1.912795E-17
7317.48010543607  1.948263E-17
7319.10761407351  2.087519E-17
7320.73512271095  2.114205E-17
7322.36263134839  2.093710E-17
7323.99013998583  1.938361E-17
7325.61764862327  1.996903E-17
7327.24515726071  2.128293E-17
7328.87266589815  2.107758E-17
7330.50017453559  2.032209E-17
7332.12768317303  2.011721E-17
7333.75519181048  2.130457E-17
7335.38270044792  2.116247E-17
7337.01020908536  2.161820E-17
7338.6377177228  2.395592E-17
7340.26522636024  2.223678E-17
7341.89273499768  2.008882E-17
7343.52024363511  2.065609E-17
7345.14775227256  2.028428E-17
7346.77526091  2.011830E-17
7348.40276954744  2.115998E-17
7350.03027818488  2.148897E-17
7351.65778682232  2.124076E-17
7353.28529545976  2.028820E-17
7354.9128040972  2.145607E-17
7356.54031273464  2.265234E-17
7358.16782137208  2.276475E-17
7359.79533000952  2.106740E-17
7361.42283864696  1.887222E-17
7363.0503472844  2.170634E-17
7364.67785592184  2.199736E-17
7366.30536455928  2.032649E-17
7367.93287319672  2.101440E-17
7369.56038183416  2.188746E-17
7371.1878904716  2.184769E-17
7372.81539910904  2.157040E-17
7374.44290774648  2.192118E-17
7376.07041638392  2.157077E-17
7377.69792502136  2.038968E-17
7379.3254336588  2.047292E-17
7380.95294229624  2.151067E-17
7382.58045093368  2.065375E-17
7384.20795957113  2.140556E-17
7385.83546820856  2.165241E-17
7387.462976846  2.152884E-17
7389.09048548345  2.055236E-17
7390.71799412089  1.968480E-17
7392.34550275832  2.153425E-17
7393.97301139577  2.116458E-17
7395.60052003321  2.097083E-17
7397.22802867065  2.118694E-17
7398.85553730809  2.108343E-17
7400.48304594553  2.034924E-17
7402.11055458297  2.143359E-17
7403.73806322041  2.276077E-17
7405.36557185785  2.219951E-17
7406.99308049529  2.185147E-17
7408.62058913273  2.091868E-17
7410.24809777017  2.137326E-17
7411.87560640761  2.153251E-17
7413.50311504505  2.112998E-17
7415.13062368249  2.166406E-17
7416.75813231993  2.156805E-17
7418.38564095737  2.065131E-17
7420.01314959481  2.195757E-17
7421.64065823225  2.173332E-17
7423.26816686969  2.078085E-17
7424.89567550713  2.216669E-17
7426.52318414457  2.199464E-17
7428.15069278201  2.062671E-17
7429.77820141945  2.128014E-17
7431.40571005689  2.155954E-17
7433.03321869433  2.213987E-17
7434.66072733177  2.254950E-17
7436.28823596921  2.114175E-17
7437.91574460665  2.030567E-17
7439.54325324409  2.186906E-17
7441.17076188154  2.214379E-17
7442.79827051898  2.063028E-17
7444.42577915642  2.082703E-17
7446.05328779385  2.174101E-17
7447.6807964313  2.198434E-17
7449.30830506874  2.182953E-17
7450.93581370618  2.200748E-17
7452.56332234362  2.206661E-17
7454.19083098106  2.223643E-17
7455.8183396185  2.139661E-17
7457.44584825594  2.081652E-17
7459.07335689338  2.094916E-17
7460.70086553082  2.147104E-17
7462.32837416826  2.088318E-17
7463.9558828057  2.097715E-17
7465.58339144314  2.212751E-17
7467.21090008058  2.313857E-17
7468.83840871802  2.168129E-17
7470.46591735546  2.077443E-17
7472.0934259929  2.188886E-17
7473.72093463034  2.144606E-17
7475.34844326778  2.210629E-17
7476.97595190522  2.136446E-17
7478.60346054266  2.116879E-17
7480.2309691801  2.202655E-17
7481.85847781754  2.025554E-17
7483.48598645498  2.078035E-17
7485.11349509242  2.256537E-17
7486.74100372987  2.184577E-17
7488.3685123673  2.155297E-17
7489.99602100474  2.290998E-17
7491.62352964218  2.036991E-17
7493.25103827963  2.092979E-17
7494.87854691706  2.235643E-17
7496.5060555545  2.196505E-17
7498.13356419195  2.064166E-17
7499.76107282939  2.259132E-17
7501.38858146683  2.291176E-17
7503.01609010427  2.092075E-17
7504.64359874171  2.086239E-17
7506.27110737915  2.254742E-17
7507.89861601659  2.210827E-17
7509.52612465403  2.190525E-17
7511.15363329147  2.270932E-17
7512.78114192891  2.223106E-17
7514.40865056635  2.215625E-17
7516.03615920379  2.299261E-17
7517.66366784123  2.262688E-17
7519.29117647867  2.129039E-17
7520.91868511611  2.110016E-17
7522.54619375355  2.264580E-17
7524.17370239099  2.271829E-17
7525.80121102843  2.209552E-17
7527.42871966587  2.282381E-17
7529.05622830331  2.179091E-17
7530.68373694075  2.231223E-17
7532.31124557819  2.369003E-17
7533.93875421563  2.221549E-17
7535.56626285307  2.120820E-17
7537.19377149051  2.086713E-17
7538.82128012795  2.302353E-17
7540.44878876539  2.190831E-17
7542.07629740283  2.259281E-17
7543.70380604027  2.301145E-17
7545.33131467771  2.107580E-17
7546.95882331516  1.962615E-17
7548.5863319526  2.215848E-17
7550.21384059004  2.275915E-17
7551.84134922748  2.213740E-17
7553.46885786492  2.251972E-17
7555.09636650235  2.328066E-17
7556.7238751398  2.247636E-17
7558.35138377724  2.227123E-17
7559.97889241468  2.049056E-17
7561.60640105212  2.148612E-17
7563.23390968956  2.167079E-17
7564.861418327  2.285306E-17
7566.48892696444  2.118773E-17
7568.11643560188  2.151283E-17
7569.74394423932  2.287508E-17
7571.37145287676  2.184560E-17
7572.9989615142  2.333876E-17
7574.62647015164  2.247528E-17
7576.25397878908  2.204181E-17
7577.88148742652  2.325110E-17
7579.50899606396  2.198582E-17
7581.1365047014  2.116674E-17
7582.76401333884  2.231877E-17
7584.39152197628  2.271654E-17
7586.01903061372  2.177079E-17
7587.64653925116  2.164798E-17
7589.2740478886  2.225777E-17
7590.90155652604  2.165010E-17
7592.52906516348  1.847502E-17
7594.15657380092  1.365779E-17
7595.78408243836  1.047828E-17
7597.4115910758  9.027955E-18
7599.03909971324  7.565065E-18
7600.66660835068  5.903417E-18
7602.29411698812  4.588936E-18
7603.92162562557  4.185800E-18
7605.54913426301  4.658608E-18
7607.17664290045  5.390176E-18
7608.80415153789  5.803695E-18
7610.43166017533  6.903598E-18
7612.05916881277  8.493251E-18
7613.68667745021  1.023295E-17
7615.31418608765  1.370026E-17
7616.94169472509  1.745857E-17
7618.56920336253  1.831358E-17
7620.19671199997  1.622371E-17
7621.82422063741  1.368424E-17
7623.45172927485  1.161512E-17
7625.07923791229  1.049895E-17
7626.70674654973  1.107227E-17
7628.33425518717  1.013247E-17
7629.96176382461  8.862237E-18
7631.58927246205  9.613417E-18
7633.21678109949  9.620064E-18
7634.84428973693  1.132956E-17
7636.47179837437  1.131211E-17
7638.09930701181  1.151608E-17
7639.72681564925  1.307177E-17
7641.35432428669  1.291157E-17
7642.98183292413  1.338901E-17
7644.60934156157  1.377695E-17
7646.23685019901  1.495752E-17
7647.86435883645  1.428423E-17
7649.49186747389  1.465776E-17
7651.11937611133  1.611396E-17
7652.74688474877  1.677847E-17
7654.37439338621  1.747773E-17
7656.00190202365  1.834849E-17
7657.6294106611  1.841800E-17
7659.25691929853  1.865935E-17
7660.88442793598  1.998983E-17
7662.51193657342  1.955332E-17
7664.13944521086  1.871042E-17
7665.7669538483  1.812623E-17
7667.39446248574  1.953174E-17
7669.02197112318  1.981375E-17
7670.64947976062  1.900744E-17
7672.27698839806  1.929983E-17
7673.9044970355  2.086222E-17
7675.53200567294  2.202790E-17
7677.15951431038  2.094786E-17
7678.78702294782  2.078042E-17
7680.41453158526  2.118696E-17
7682.0420402227  2.094217E-17
7683.66954886014  1.905877E-17
7685.29705749758  1.908030E-17
7686.92456613502  2.235390E-17
7688.55207477246  2.138341E-17
7690.1795834099  2.203147E-17
7691.80709204734  2.245634E-17
7693.43460068478  2.204147E-17
7695.06210932222  2.209345E-17
7696.68961795966  2.240962E-17
7698.3171265971  2.054309E-17
7699.94463523454  2.186782E-17
7701.57214387198  2.127317E-17
7703.19965250942  2.146672E-17
7704.82716114686  2.239861E-17
7706.4546697843  2.262044E-17
7708.08217842174  2.290407E-17
7709.70968705919  2.279270E-17
7711.33719569662  2.154411E-17
7712.96470433407  2.240648E-17
7714.59221297151  2.396461E-17
7716.21972160895  2.066556E-17
7717.84723024639  2.072299E-17
7719.47473888383  2.271670E-17
7721.10224752127  2.207383E-17
7722.72975615871  2.404147E-17
7724.35726479615  2.344451E-17
7725.98477343359  2.105899E-17
7727.61228207103  2.153375E-17
7729.23979070847  2.314969E-17
7730.86729934591  2.220852E-17
7732.49480798335  2.157950E-17
7734.12231662079  2.217717E-17
7735.74982525823  2.261332E-17
7737.37733389567  2.290541E-17
7739.00484253311  2.488660E-17
7740.63235117055  2.425235E-17
7742.25985980799  2.237489E-17
7743.88736844543  2.294863E-17
7745.51487708287  2.231185E-17
7747.14238572031  2.431973E-17
7748.76989435775  2.483229E-17
7750.39740299519  1.899955E-17
7752.02491163263  1.726892E-17
7753.65242027007  2.096137E-17
7755.27992890751  2.275531E-17
7756.90743754495  2.145811E-17
7758.53494618239  2.047632E-17
7760.16245481983  2.201397E-17
7761.78996345727  2.101281E-17
7763.41747209471  1.996465E-17
7765.04498073215  2.287625E-17
7766.6724893696  2.295409E-17
7768.29999800704  2.318980E-17
7769.92750664448  2.250807E-17
7771.55501528192  2.298187E-17
7773.18252391936  2.270030E-17
7774.8100325568  2.242433E-17
7776.43754119424  2.219387E-17
7778.06504983168  2.118210E-17
7779.69255846912  2.281066E-17
7781.32006710656  2.310328E-17
7782.947575744  2.333068E-17
7784.57508438144  2.178207E-17
7786.20259301888  2.192519E-17
7787.83010165632  2.248159E-17
7789.45761029376  2.282599E-17
7791.0851189312  2.154437E-17
7792.71262756864  2.088616E-17
7794.34013620608  2.272931E-17
7795.96764484352  2.316701E-17
7797.59515348096  2.231057E-17
7799.2226621184  2.314523E-17
7800.85017075584  2.398146E-17
7802.47767939328  2.275846E-17
7804.10518803072  2.243483E-17
7805.73269666816  2.305219E-17
7807.3602053056  2.297491E-17
7808.98771394304  2.278192E-17
7810.61522258048  2.386667E-17
7812.24273121792  2.467440E-17
7813.87023985536  2.319152E-17
7815.4977484928  2.360309E-17
7817.12525713025  2.541280E-17
7818.75276576768  2.249887E-17
7820.38027440512  2.066565E-17
7822.00778304257  2.155129E-17
7823.63529168001  2.223687E-17
7825.26280031745  2.320719E-17
7826.89030895489  2.335643E-17
7828.51781759233  2.273705E-17
7830.14532622977  2.418139E-17
7831.77283486721  2.501413E-17
7833.40034350465  2.350782E-17
7835.02785214209  2.358824E-17
7836.65536077953  2.255881E-17
7838.28286941697  2.220115E-17
7839.91037805441  2.393879E-17
7841.53788669185  2.419470E-17
7843.16539532929  2.484503E-17
7844.79290396673  2.348711E-17
7846.42041260417  2.337377E-17
7848.04792124161  2.481797E-17
7849.67542987905  2.547215E-17
7851.30293851649  2.419705E-17
7852.93044715393  2.336027E-17
7854.55795579137  2.319436E-17
7856.18546442881  2.449853E-17
7857.81297306625  2.470515E-17
7859.44048170369  2.359838E-17
7861.06799034113  2.266853E-17
7862.69549897857  2.342346E-17
7864.32300761601  2.384349E-17
7865.95051625345  2.324020E-17
7867.57802489089  2.426670E-17
7869.20553352833  2.568182E-17
7870.83304216577  2.471121E-17
7872.46055080322  2.316118E-17
7874.08805944066  2.374269E-17
7875.71556807809  2.531794E-17
7877.34307671554  2.404198E-17
7878.97058535298  2.486655E-17
7880.59809399042  2.412349E-17
7882.22560262786  2.343075E-17
7883.8531112653  2.448068E-17
7885.48061990274  2.385931E-17
7887.10812854018  2.479313E-17
7888.73563717762  2.696927E-17
7890.36314581506  2.383211E-17
7891.9906544525  2.307438E-17
7893.61816308994  2.476837E-17
7895.24567172738  2.417827E-17
7896.87318036482  2.392327E-17
7898.50068900226  2.385096E-17
7900.1281976397  2.335664E-17
7901.75570627714  2.239465E-17
7903.38321491458  2.289888E-17
7905.01072355202  2.523806E-17
7906.63823218946  2.494396E-17
7908.2657408269  2.394830E-17
7909.89324946434  2.554259E-17
7911.52075810178  2.491401E-17
7913.14826673922  2.286257E-17
7914.77577537666  2.473204E-17
7916.4032840141  2.483568E-17
7918.03079265155  2.306738E-17
7919.65830128898  2.367335E-17
7921.28580992642  2.353328E-17
7922.91331856386  2.589724E-17
7924.54082720131  2.444204E-17
7926.16833583874  2.376355E-17
7927.79584447619  2.426218E-17
7929.42335311363  2.556345E-17
7931.05086175107  2.378021E-17
7932.67837038851  2.492449E-17
7934.30587902594  2.378441E-17
7935.93338766339  2.477985E-17
7937.56089630083  2.477055E-17
7939.18840493827  2.301851E-17
7940.81591357571  2.400235E-17
7942.44342221315  2.506017E-17
7944.07093085059  2.397859E-17
7945.69843948803  2.418304E-17
7947.32594812547  2.430742E-17
7948.95345676291  2.365768E-17
7950.58096540035  2.405801E-17
7952.20847403779  2.475929E-17
7953.83598267523  2.423698E-17
7955.46349131267  2.397246E-17
7957.09099995011  2.380486E-17
7958.71850858755  2.382425E-17
7960.34601722499  2.502241E-17
7961.97352586243  2.561984E-17
7963.60103449987  2.353472E-17
7965.22854313731  2.292480E-17
7966.85605177475  2.427050E-17
7968.48356041219  2.389423E-17
7970.11106904963  2.333372E-17
7971.73857768707  2.374387E-17
7973.36608632451  2.364064E-17
7974.99359496196  2.323531E-17
7976.62110359939  2.342038E-17
7978.24861223683  2.301869E-17
7979.87612087428  2.284500E-17
7981.50362951172  2.438946E-17
7983.13113814915  2.481470E-17
7984.7586467866  2.469027E-17
7986.38615542404  2.564199E-17
7988.01366406148  2.571371E-17
7989.64117269892  2.543415E-17
7991.26868133636  2.533768E-17
7992.8961899738  2.381645E-17
7994.52369861124  2.333232E-17
7996.15120724868  2.522662E-17
7997.77871588612  2.294811E-17
7999.40622452356  2.520990E-17
8001.033733161  2.460362E-17
8002.66124179844  2.608074E-17
8004.28875043588  2.486234E-17
8005.91625907332  2.354636E-17
8007.54376771076  2.454496E-17
8009.1712763482  2.403558E-17
8010.79878498564  2.458675E-17
8012.42629362308  2.330559E-17
8014.05380226052  2.336837E-17
8015.68131089796  2.324214E-17
8017.3088195354  2.265527E-17
8018.93632817284  2.500726E-17
8020.56383681028  2.487337E-17
8022.19134544772  2.323759E-17
8023.81885408516  2.457782E-17
8025.4463627226  2.670039E-17
8027.07387136004  2.559728E-17
8028.70137999748  2.388956E-17
8030.32888863492  2.409543E-17
8031.95639727236  2.469013E-17
8033.5839059098  2.273479E-17
8035.21141454725  2.399897E-17
8036.83892318469  2.347468E-17
8038.46643182213  2.386806E-17
8040.09394045957  2.423768E-17
8041.72144909701  2.414128E-17
8043.34895773445  2.434605E-17
8044.97646637189  2.473023E-17
8046.60397500933  2.458097E-17
8048.23148364677  2.385437E-17
8049.85899228421  2.378515E-17
8051.48650092165  2.476744E-17
8053.11400955909  2.427387E-17
8054.74151819653  2.280614E-17
8056.36902683397  2.370147E-17
8057.99653547141  2.479021E-17
8059.62404410885  2.379600E-17
8061.25155274629  2.309567E-17
8062.87906138373  2.403055E-17
8064.50657002117  2.414999E-17
8066.13407865861  2.298416E-17
8067.76158729605  2.379254E-17
8069.38909593349  2.341352E-17
8071.01660457093  2.150129E-17
8072.64411320837  2.341177E-17
8074.27162184581  2.373012E-17
8075.89913048325  2.464203E-17
8077.52663912069  2.472376E-17
8079.15414775813  2.403639E-17
8080.78165639557  2.412530E-17
8082.40916503301  2.471416E-17
8084.03667367045  2.306050E-17
8085.66418230789  2.314192E-17
8087.29169094533  2.257941E-17
8088.91919958278  2.257518E-17
8090.54670822022  2.347434E-17
8092.17421685765  2.400938E-17
8093.80172549509  2.404396E-17
8095.42923413254  2.470950E-17
8097.05674276998  2.325450E-17
8098.68425140742  2.207266E-17
8100.31176004486  2.292134E-17
8101.9392686823  2.376919E-17
8103.56677731974  2.424352E-17
8105.19428595718  2.357860E-17
8106.82179459462  2.475245E-17
8108.44930323206  2.260295E-17
8110.0768118695  2.274311E-17
8111.70432050694  2.239567E-17
8113.33182914438  2.302461E-17
8114.95933778182  2.382579E-17
8116.58684641926  2.302273E-17
8118.2143550567  2.153058E-17
8119.84186369414  2.309067E-17
8121.46937233158  2.320786E-17
8123.09688096902  2.239227E-17
8124.72438960646  2.230161E-17
8126.3518982439  2.269808E-17
8127.97940688134  2.385096E-17
8129.60691551878  2.368477E-17
8131.23442415622  2.254346E-17
8132.86193279366  2.306011E-17
8134.4894414311  2.317043E-17
8136.11695006854  2.288286E-17
8137.74445870599  2.276252E-17
8139.37196734343  2.264018E-17
8140.99947598086  2.368839E-17
8142.6269846183  2.255503E-17
8144.25449325575  2.181618E-17
8145.88200189318  2.244241E-17
8147.50951053063  2.267609E-17
8149.13701916807  2.217249E-17
8150.76452780551  2.163589E-17
8152.39203644295  2.127985E-17
8154.01954508039  2.062955E-17
8155.64705371783  2.188698E-17
8157.27456235527  2.108287E-17
8158.90207099271  2.124164E-17
8160.52957963015  2.206873E-17
8162.15708826759  2.060065E-17
8163.78459690503  2.094171E-17
8165.41210554247  2.120589E-17
8167.03961417991  2.130358E-17
8168.66712281735  2.186010E-17
8170.29463145479  2.216686E-17
8171.92214009223  2.332713E-17
8173.54964872967  2.122826E-17
8175.17715736711  2.058290E-17
8176.80466600455  2.189465E-17
8178.43217464199  2.183027E-17
8180.05968327943  2.116365E-17
8181.68719191687  2.261112E-17
8183.31470055431  2.267030E-17
8184.94220919175  2.121887E-17
8186.56971782919  2.089337E-17
8188.19722646663  2.103504E-17
8189.82473510407  2.131971E-17
8191.45224374151  2.075904E-17
8193.07975237895  2.242279E-17
8194.70726101639  2.186649E-17
8196.33476965383  2.126866E-17
8197.96227829128  2.147836E-17
8199.58978692872  2.140009E-17
8201.21729556616  2.229981E-17
8202.8448042036  2.323854E-17
8204.47231284104  2.250225E-17
8206.09982147848  2.234498E-17
8207.72733011592  2.228063E-17
8209.35483875336  2.174161E-17
8210.9823473908  2.170076E-17
8212.60985602824  2.246193E-17
8214.23736466568  2.214780E-17
8215.86487330312  2.149991E-17
8217.49238194056  2.173509E-17
8219.119890578  2.054400E-17
8220.74739921544  2.092503E-17
8222.37490785288  2.200767E-17
8224.00241649032  2.180512E-17
8225.62992512776  2.110161E-17
8227.2574337652  1.902464E-17
8228.88494240264  1.956660E-17
8230.51245104008  1.980542E-17
8232.13995967752  1.948154E-17
8233.76746831496  2.121095E-17
8235.3949769524  2.265624E-17
8237.02248558984  2.310412E-17
8238.64999422728  2.306835E-17
8240.27750286472  2.243667E-17
8241.90501150216  2.192346E-17
8243.5325201396  2.271508E-17
8245.16002877704  2.119873E-17
8246.78753741448  2.165339E-17
8248.41504605192  2.056273E-17
8250.04255468936  2.169816E-17
8251.6700633268  2.242515E-17
8253.29757196425  2.255031E-17
8254.92508060169  2.252270E-17
8256.55258923912  2.180215E-17
8258.18009787657  2.172266E-17
8259.80760651401  2.183818E-17
8261.43511515145  2.140041E-17
8263.06262378889  2.183311E-17
8264.69013242633  2.174100E-17
8266.31764106377  2.119719E-17
8267.94514970121  2.228256E-17
8269.57265833865  2.204471E-17
8271.20016697609  2.165931E-17
8272.82767561353  2.110892E-17
8274.45518425097  2.193829E-17
8276.08269288841  2.282928E-17
8277.71020152585  2.130046E-17
8279.33771016329  2.190583E-17
8280.96521880073  2.206628E-17
8282.59272743817  2.214748E-17
8284.22023607561  2.113927E-17
8285.84774471305  2.080544E-17
8287.47525335049  2.048958E-17
8289.10276198793  2.223463E-17
8290.73027062537  2.127436E-17
8292.35777926281  2.141728E-17
8293.98528790025  2.289685E-17
8295.61279653769  2.004535E-17
8297.24030517513  2.138612E-17
8298.86781381257  2.199035E-17
8300.49532245001  2.043474E-17
8302.12283108745  2.179863E-17
8303.7503397249  2.067106E-17
8305.37784836234  2.039365E-17
8307.00535699977  2.134931E-17
8308.63286563722  2.043613E-17
8310.26037427466  2.116488E-17
8311.88788291209  2.274710E-17
8313.51539154954  2.167518E-17
8315.14290018698  2.214654E-17
8316.77040882442  2.125684E-17
8318.39791746186  2.180797E-17
8320.0254260993  2.126951E-17
8321.65293473674  2.100561E-17
8323.28044337418  2.059157E-17
8324.90795201162  2.105644E-17
8326.53546064906  2.102355E-17
8328.1629692865  2.111573E-17
8329.79047792394  2.115567E-17
8331.41798656138  2.059182E-17
8333.04549519882  2.053071E-17
8334.67300383626  2.135628E-17
8336.3005124737  2.787645E-17
8337.92802111114  2.909615E-17
8339.55552974858  2.245616E-17
8341.18303838602  2.276497E-17
8342.81054702346  2.000602E-17
8344.4380556609  1.994173E-17
8346.06556429834  2.207932E-17
8347.69307293578  2.052470E-17
8349.32058157322  2.036710E-17
8350.94809021066  2.319410E-17
8352.5755988481  1.961487E-17
8354.20310748554  1.831735E-17
8355.83061612299  2.043284E-17
8357.45812476042  2.159076E-17
8359.08563339786  2.116948E-17
8360.71314203531  2.061554E-17
8362.34065067274  2.143651E-17
8363.96815931019  2.197386E-17
8365.59566794763  2.168534E-17
8367.22317658507  2.055759E-17
8368.85068522251  2.081421E-17
8370.47819385995  2.031538E-17
8372.10570249739  2.012047E-17
8373.73321113483  2.129893E-17
8375.36071977227  2.149799E-17
8376.98822840971  2.177088E-17
8378.61573704715  2.191744E-17
8380.24324568459  1.943286E-17
8381.87075432203  2.020909E-17
8383.49826295947  2.152770E-17
8385.12577159691  2.018623E-17
8386.75328023435  2.023104E-17
8388.38078887179  1.945617E-17
8390.00829750923  2.057580E-17
8391.63580614667  2.191715E-17
8393.26331478411  2.123762E-17
8394.89082342155  2.144533E-17
8396.51833205899  2.380879E-17
8398.14584069643  2.376384E-17
8399.77334933387  2.049951E-17
8401.40085797131  2.153932E-17
8403.02836660875  2.181445E-17
8404.65587524619  2.133583E-17
8406.28338388363  2.120190E-17
8407.91089252108  2.158321E-17
8409.53840115851  2.142820E-17
8411.16590979595  2.174934E-17
8412.7934184334  2.097713E-17
8414.42092707083  2.072776E-17
8416.04843570828  2.223849E-17
8417.67594434572  2.138682E-17
8419.30345298316  2.085689E-17
8420.9309616206  2.081156E-17
8422.55847025804  2.145158E-17
8424.18597889548  2.232248E-17
8425.81348753292  2.299639E-17
8427.44099617036  2.130957E-17
8429.0685048078  1.935401E-17
8430.69601344524  2.240854E-17
8432.32352208268  2.104787E-17
8433.95103072012  2.086683E-17
8435.57853935756  2.163782E-17
8437.206047995  2.126551E-17
8438.83355663244  2.045852E-17
8440.46106526988  1.964125E-17
8442.08857390732  2.009394E-17
8443.71608254476  1.935577E-17
8445.3435911822  1.884577E-17
8446.97109981964  2.107742E-17
8448.59860845708  2.187421E-17
8450.22611709452  2.202790E-17
8451.85362573196  2.045411E-17
8453.4811343694  1.885526E-17
8455.10864300684  2.070415E-17
8456.73615164428  2.167537E-17
8458.36366028172  2.098648E-17
8459.99116891916  2.002098E-17
8461.6186775566  2.100255E-17
8463.24618619405  2.257971E-17
8464.87369483148  2.320571E-17
8466.50120346892  2.301417E-17
8468.12871210637  2.216048E-17
8469.75622074381  2.176506E-17
8471.38372938125  2.208576E-17
8473.01123801869  2.172859E-17
8474.63874665613  2.100259E-17
8476.26625529357  1.977955E-17
8477.89376393101  1.965219E-17
8479.52127256845  2.182749E-17
8481.14878120589  2.523275E-17
8482.77628984333  2.424416E-17
8484.40379848077  2.059520E-17
8486.03130711821  2.080973E-17
8487.65881575565  1.992079E-17
8489.28632439309  2.151521E-17
8490.91383303053  2.159917E-17
8492.54134166797  2.216437E-17
8494.16885030541  2.100491E-17
8495.79635894285  2.078199E-17
8497.42386758029  2.131605E-17
8499.05137621773  2.084216E-17
8500.67888485517  1.997443E-17
8502.30639349261  1.911529E-17
8503.93390213005  1.918376E-17
8505.56141076749  2.171599E-17
8507.18891940493  2.108144E-17
8508.81642804237  2.150373E-17
8510.44393667981  2.060999E-17
8512.07144531725  1.997183E-17
8513.69895395469  2.101581E-17
8515.32646259213  2.156014E-17
8516.95397122957  2.024509E-17
8518.58147986701  1.932741E-17
8520.20898850446  1.995566E-17
8521.8364971419  2.101950E-17
8523.46400577934  2.034642E-17
8525.09151441678  2.117408E-17
8526.71902305422  2.046276E-17
8528.34653169166  2.123255E-17
8529.9740403291  2.048968E-17
8531.60154896654  2.098628E-17
8533.22905760398  1.952413E-17
8534.85656624142  2.097675E-17
8536.48407487886  2.237011E-17
8538.1115835163  2.060893E-17
8539.73909215374  2.014404E-17
8541.36660079118  2.030443E-17
8542.99410942862  2.136708E-17
8544.62161806606  2.174763E-17
8546.2491267035  2.108418E-17
8547.87663534094  2.128174E-17
8549.50414397838  2.111622E-17
8551.13165261582  2.022358E-17
8552.75916125326  2.092093E-17
8554.3866698907  2.200290E-17
8556.01417852814  2.132648E-17
8557.64168716558  2.005845E-17
8559.26919580302  2.009026E-17
8560.89670444046  2.041543E-17
8562.5242130779  2.087138E-17
8564.15172171534  2.092885E-17
8565.77923035278  2.068683E-17
8567.40673899022  2.007437E-17
8569.03424762766  1.949608E-17
8570.66175626511  1.983215E-17
8572.28926490255  2.045972E-17
8573.91677353998  2.012019E-17
8575.54428217743  2.011236E-17
8577.17179081487  2.040215E-17
8578.79929945231  1.954548E-17
8580.42680808975  2.027328E-17
8582.05431672719  2.103322E-17
8583.68182536463  2.043221E-17
8585.30933400207  2.045507E-17
8586.93684263951  2.024242E-17
8588.56435127695  2.093101E-17
8590.19185991439  2.215049E-17
8591.81936855183  2.211720E-17
8593.44687718927  2.091852E-17
8595.07438582671  2.076670E-17
8596.70189446415  2.126099E-17
8598.32940310159  2.226856E-17
8599.95691173903  2.023295E-17
8601.58442037647  2.084426E-17
8603.21192901391  2.068853E-17
8604.83943765135  2.052804E-17
8606.46694628879  2.033056E-17
8608.09445492623  2.060124E-17
8609.72196356367  2.092863E-17
8611.34947220111  2.119944E-17
8612.97698083855  2.080423E-17
8614.60448947599  2.062459E-17
8616.23199811343  2.069055E-17
8617.85950675087  1.971086E-17
8619.48701538831  2.088268E-17
8621.11452402575  1.831596E-17
8622.74203266319  1.951813E-17
8624.36954130063  1.940405E-17
8625.99704993808  1.137330E-17
8627.62455857552  1.257776E-17
